
(260, 107): 0.8471
(261, 105): 0.8465
(261, 106): 0.8470
(262, 103): 0.8460
(262, 104): 0.8465
(262, 105): 0.8469
(263, 101): 0.8455
(263, 102): 0.8460
(263, 103): 0.8464
(263, 104): 0.8469
(264, 99): 0.8450
(264, 100): 0.8454
(264, 101): 0.8459
(264, 102): 0.8463
(264, 103): 0.8468
(265, 97): 0.8445
(265, 98): 0.8449
(265, 99): 0.8454
(265, 100): 0.8458
(265, 101): 0.8463
(265, 102): 0.8467
(266, 95): 0.8439
(266, 96): 0.8444
(266, 97): 0.8448
(266, 98): 0.8453
(266, 99): 0.8457
(266, 100): 0.8462
(266, 101): 0.8466
(267, 93): 0.8434
(267, 94): 0.8439
(267, 95): 0.8443
(267, 96): 0.8448
(267, 97): 0.8452
(267, 98): 0.8457
(267, 99): 0.8461
(267, 100): 0.8466
(268, 91): 0.8429
(268, 92): 0.8433
(268, 93): 0.8438
(268, 94): 0.8442
(268, 95): 0.8447
(268, 96): 0.8451
(268, 97): 0.8456
(268, 98): 0.8460
(268, 99): 0.8465
(268, 100): 0.8470
(269, 89): 0.8424
(269, 90): 0.8428
(269, 91): 0.8433
(269, 92): 0.8437
(269, 93): 0.8442
(269, 94): 0.8446
(269, 95): 0.8451
(269, 96): 0.8455
(269, 97): 0.8460
(269, 98): 0.8464
(269, 99): 0.8469
(270, 87): 0.8418
(270, 88): 0.8423
(270, 89): 0.8427
(270, 90): 0.8432
(270, 91): 0.8437
(270, 92): 0.8441
(270, 93): 0.8446
(270, 94): 0.8450
(270, 95): 0.8455
(270, 96): 0.8459
(270, 97): 0.8464
(270, 98): 0.8468
(271, 85): 0.8413
(271, 86): 0.8418
(271, 87): 0.8422
(271, 88): 0.8427
(271, 89): 0.8431
(271, 90): 0.8436
(271, 91): 0.8440
(271, 92): 0.8445
(271, 93): 0.8449
(271, 94): 0.8454
(271, 95): 0.8458
(271, 96): 0.8463
(271, 97): 0.8467
(272, 83): 0.8408
(272, 84): 0.8413
(272, 85): 0.8417
(272, 86): 0.8422
(272, 87): 0.8426
(272, 88): 0.8431
(272, 89): 0.8435
(272, 90): 0.8440
(272, 91): 0.8444
(272, 92): 0.8449
(272, 93): 0.8453
(272, 94): 0.8458
(272, 95): 0.8462
(272, 96): 0.8467
(273, 83): 0.8412
(273, 84): 0.8416
(273, 85): 0.8421
(273, 86): 0.8425
(273, 87): 0.8430
(273, 88): 0.8434
(273, 89): 0.8439
(273, 90): 0.8443
(273, 91): 0.8448
(273, 92): 0.8452
(273, 93): 0.8457
(273, 94): 0.8461
(273, 95): 0.8466
(274, 83): 0.8416
(274, 84): 0.8420
(274, 85): 0.8425
(274, 86): 0.8429
(274, 87): 0.8434
(274, 88): 0.8438
(274, 89): 0.8443
(274, 90): 0.8447
(274, 91): 0.8452
(274, 92): 0.8456
(274, 93): 0.8461
(274, 94): 0.8465
(275, 83): 0.8419
(275, 84): 0.8424
(275, 85): 0.8428
(275, 86): 0.8433
(275, 87): 0.8437
(275, 88): 0.8442
(275, 89): 0.8446
(275, 90): 0.8451
(275, 91): 0.8456
(275, 92): 0.8460
(275, 93): 0.8465
(276, 83): 0.8423
(276, 84): 0.8428
(276, 85): 0.8432
(276, 86): 0.8437
(276, 87): 0.8441
(276, 88): 0.8446
(276, 89): 0.8450
(276, 90): 0.8455
(276, 91): 0.8459
(276, 92): 0.8464
(277, 83): 0.8427
(277, 84): 0.8432
(277, 85): 0.8436
(277, 86): 0.8441
(277, 87): 0.8445
(277, 88): 0.8450
(277, 89): 0.8454
(277, 90): 0.8459
(277, 91): 0.8463
(277, 92): 0.8468
(278, 82): 0.8426
(278, 83): 0.8431
(278, 84): 0.8435
(278, 85): 0.8440
(278, 86): 0.8444
(278, 87): 0.8449
(278, 88): 0.8453
(278, 89): 0.8458
(278, 90): 0.8462
(278, 91): 0.8467
(279, 82): 0.8430
(279, 83): 0.8435
(279, 84): 0.8439
(279, 85): 0.8444
(279, 86): 0.8448
(279, 87): 0.8453
(279, 88): 0.8457
(279, 89): 0.8462
(279, 90): 0.8466
(280, 82): 0.8434
(280, 83): 0.8438
(280, 84): 0.8443
(280, 85): 0.8447
(280, 86): 0.8452
(280, 87): 0.8456
(280, 88): 0.8461
(280, 89): 0.8466
(281, 82): 0.8438
(281, 83): 0.8442
(281, 84): 0.8447
(281, 85): 0.8451
(281, 86): 0.8456
(281, 87): 0.8460
(281, 88): 0.8465
(282, 82): 0.8442
(282, 83): 0.8446
(282, 84): 0.8451
(282, 85): 0.8455
(282, 86): 0.8460
(282, 87): 0.8464
(283, 82): 0.8445
(283, 83): 0.8450
(283, 84): 0.8454
(283, 85): 0.8459
(283, 86): 0.8463
(284, 82): 0.8449
(284, 83): 0.8454
(284, 84): 0.8458
(284, 85): 0.8463
(285, 82): 0.8453
(285, 83): 0.8457
(285, 84): 0.8462
(285, 85): 0.8466
(286, 81): 0.8452
(286, 82): 0.8457
(286, 83): 0.8461
(286, 84): 0.8466
(287, 81): 0.8456
(287, 82): 0.8461
(287, 83): 0.8465
(288, 81): 0.8460
(288, 82): 0.8464
(289, 81): 0.8464

