
(213, 309): 0.9200
(214, 307): 0.9204
(214, 308): 0.9202
(214, 309): 0.9200
(214, 310): 0.9199
(215, 306): 0.9207
(215, 307): 0.9205
(215, 308): 0.9203
(215, 309): 0.9201
(215, 310): 0.9199
(215, 311): 0.9197
(216, 304): 0.9211
(216, 305): 0.9209
(216, 306): 0.9207
(216, 307): 0.9205
(216, 308): 0.9203
(216, 309): 0.9201
(216, 310): 0.9199
(216, 311): 0.9197
(216, 312): 0.9196
(217, 302): 0.9215
(217, 303): 0.9213
(217, 304): 0.9211
(217, 305): 0.9209
(217, 306): 0.9208
(217, 307): 0.9206
(217, 308): 0.9204
(217, 309): 0.9202
(217, 310): 0.9200
(217, 311): 0.9198
(217, 312): 0.9196
(217, 313): 0.9194
(218, 302): 0.9216
(218, 303): 0.9214
(218, 304): 0.9212
(218, 305): 0.9210
(218, 306): 0.9208
(218, 307): 0.9206
(218, 308): 0.9204
(218, 309): 0.9202
(218, 310): 0.9200
(218, 311): 0.9198
(218, 312): 0.9196
(218, 313): 0.9194
(219, 307): 0.9206
(219, 308): 0.9205
(219, 309): 0.9203
(219, 310): 0.9201
(219, 311): 0.9199
(219, 312): 0.9197
(219, 313): 0.9195
(219, 314): 0.9193
(220, 312): 0.9197
(220, 313): 0.9195
(220, 314): 0.9193
(220, 315): 0.9191

