
(251, 527): 0.8343
(252, 524): 0.8419
(252, 525): 0.8385
(252, 526): 0.8350
(252, 527): 0.8316
(253, 524): 0.8392
(253, 525): 0.8357
(253, 526): 0.8323
(254, 523): 0.8399
(254, 524): 0.8364
(254, 525): 0.8330
(255, 522): 0.8406
(255, 523): 0.8371
(255, 524): 0.8337
(256, 522): 0.8378
(256, 523): 0.8344
(256, 524): 0.8309
(257, 521): 0.8385
(257, 522): 0.8351
(257, 523): 0.8316
(258, 521): 0.8358
(258, 522): 0.8323
(259, 520): 0.8365
(259, 521): 0.8330
(260, 520): 0.8337
(260, 521): 0.8303
(261, 519): 0.8344
(261, 520): 0.8310
(262, 519): 0.8317
(263, 518): 0.8324
(264, 518): 0.8296
(265, 517): 0.8303
(266, 516): 0.8310

