
(347, 243): 0.7976
(347, 244): 0.7961
(347, 245): 0.7946
(347, 246): 0.7931
(347, 247): 0.7916
(347, 248): 0.7901
(347, 249): 0.7886
(347, 250): 0.7871
(347, 251): 0.7856
(347, 252): 0.7841
(347, 253): 0.7827
(347, 254): 0.7812
(347, 255): 0.7797
(348, 245): 0.7959
(348, 246): 0.7944
(348, 247): 0.7929
(348, 248): 0.7914
(348, 249): 0.7899
(348, 250): 0.7884
(348, 251): 0.7870
(348, 252): 0.7855
(348, 253): 0.7840
(348, 254): 0.7825
(348, 255): 0.7810
(348, 256): 0.7795
(349, 246): 0.7957
(349, 247): 0.7942
(349, 248): 0.7928
(349, 249): 0.7913
(349, 250): 0.7898
(349, 251): 0.7883
(349, 252): 0.7868
(349, 253): 0.7853
(349, 254): 0.7838
(349, 255): 0.7823
(349, 256): 0.7808
(349, 257): 0.7793
(350, 248): 0.7941
(350, 249): 0.7926
(350, 250): 0.7911
(350, 251): 0.7896
(350, 252): 0.7881
(350, 253): 0.7866
(350, 254): 0.7851
(350, 255): 0.7836
(350, 256): 0.7821
(350, 257): 0.7806
(350, 258): 0.7791
(351, 249): 0.7939
(351, 250): 0.7924
(351, 251): 0.7909
(351, 252): 0.7894
(351, 253): 0.7879
(351, 254): 0.7864
(351, 255): 0.7849
(351, 256): 0.7834
(351, 257): 0.7819
(351, 258): 0.7804
(351, 259): 0.7789
(352, 251): 0.7922
(352, 252): 0.7907
(352, 253): 0.7892
(352, 254): 0.7877
(352, 255): 0.7862
(352, 256): 0.7847
(352, 257): 0.7832
(352, 258): 0.7817
(352, 259): 0.7802
(352, 260): 0.7787
(353, 253): 0.7905
(353, 254): 0.7890
(353, 255): 0.7875
(353, 256): 0.7860
(353, 257): 0.7845
(353, 258): 0.7830
(353, 259): 0.7815
(353, 260): 0.7800
(353, 261): 0.7785
(354, 254): 0.7903
(354, 255): 0.7888
(354, 256): 0.7873
(354, 257): 0.7858
(354, 258): 0.7843
(354, 259): 0.7829
(354, 260): 0.7814
(354, 261): 0.7799
(354, 262): 0.7784
(355, 256): 0.7886
(355, 257): 0.7872
(355, 258): 0.7857
(355, 259): 0.7842
(355, 260): 0.7827
(355, 261): 0.7812
(355, 262): 0.7797
(355, 263): 0.7782
(356, 257): 0.7885
(356, 258): 0.7870
(356, 259): 0.7855
(356, 260): 0.7840
(356, 261): 0.7825
(356, 262): 0.7810
(356, 263): 0.7795
(356, 264): 0.7780
(357, 259): 0.7868
(357, 260): 0.7853
(357, 261): 0.7838
(357, 262): 0.7823
(357, 263): 0.7808
(357, 264): 0.7793
(357, 265): 0.7778
(358, 260): 0.7866
(358, 261): 0.7851
(358, 262): 0.7836
(358, 263): 0.7821
(358, 264): 0.7806
(358, 265): 0.7791
(358, 266): 0.7776
(359, 262): 0.7849
(359, 263): 0.7834
(359, 264): 0.7819
(359, 265): 0.7804
(359, 266): 0.7789
(359, 267): 0.7774
(360, 263): 0.7847
(360, 264): 0.7832
(360, 265): 0.7817
(360, 266): 0.7802
(360, 267): 0.7787
(360, 268): 0.7773
(361, 265): 0.7830
(361, 266): 0.7816
(361, 267): 0.7801
(361, 268): 0.7786
(361, 269): 0.7771
(362, 266): 0.7829
(362, 267): 0.7814
(362, 268): 0.7799
(362, 269): 0.7784
(362, 270): 0.7769
(363, 268): 0.7812
(363, 269): 0.7797
(363, 270): 0.7782
(363, 271): 0.7767
(364, 269): 0.7810
(364, 270): 0.7795
(364, 271): 0.7780
(364, 272): 0.7765
(365, 271): 0.7793
(365, 272): 0.7778
(365, 273): 0.7763
(366, 272): 0.7791
(366, 273): 0.7776
(366, 274): 0.7761
(367, 274): 0.7775
(367, 275): 0.7760
(368, 276): 0.7758
(369, 277): 0.7756

