
(59, 114): 0.8384
(59, 115): 0.8370
(59, 116): 0.8356
(59, 117): 0.8342
(59, 118): 0.8328
(59, 119): 0.8316
(59, 120): 0.8315
(59, 121): 0.8314
(59, 122): 0.8313
(59, 123): 0.8312
(59, 124): 0.8312
(59, 125): 0.8311
(59, 126): 0.8310
(59, 127): 0.8310
(59, 128): 0.8309
(59, 129): 0.8308
(59, 130): 0.8307
(59, 131): 0.8307
(59, 132): 0.8306
(59, 133): 0.8305
(59, 134): 0.8305
(59, 135): 0.8304
(59, 136): 0.8303
(59, 137): 0.8302
(59, 138): 0.8302
(59, 139): 0.8301
(59, 140): 0.8300
(59, 141): 0.8300
(59, 142): 0.8299
(59, 143): 0.8298
(59, 144): 0.8299
(60, 114): 0.8390
(60, 115): 0.8376
(60, 116): 0.8362
(60, 117): 0.8348
(60, 118): 0.8334
(60, 119): 0.8326
(60, 120): 0.8323
(60, 121): 0.8322
(60, 122): 0.8322
(60, 123): 0.8321
(60, 124): 0.8320
(60, 125): 0.8320
(60, 126): 0.8319
(60, 127): 0.8318
(60, 128): 0.8317
(60, 129): 0.8317
(60, 130): 0.8316
(60, 131): 0.8315
(60, 132): 0.8314
(60, 133): 0.8314
(60, 134): 0.8313
(60, 135): 0.8312
(60, 136): 0.8312
(60, 137): 0.8311
(60, 138): 0.8310
(60, 139): 0.8309
(60, 140): 0.8309
(60, 141): 0.8308
(60, 142): 0.8313
(61, 114): 0.8397
(61, 115): 0.8383
(61, 116): 0.8369
(61, 117): 0.8355
(61, 118): 0.8344
(61, 119): 0.8336
(61, 120): 0.8332
(61, 121): 0.8331
(61, 122): 0.8330
(61, 123): 0.8329
(61, 124): 0.8329
(61, 125): 0.8328
(61, 126): 0.8327
(61, 127): 0.8327
(61, 128): 0.8326
(61, 129): 0.8325
(61, 130): 0.8324
(61, 131): 0.8324
(61, 132): 0.8323
(61, 133): 0.8322
(61, 134): 0.8322
(61, 135): 0.8321
(61, 136): 0.8320
(61, 137): 0.8319
(61, 138): 0.8319
(61, 139): 0.8322
(61, 140): 0.8327
(61, 141): 0.8332
(62, 114): 0.8403
(62, 115): 0.8389
(62, 116): 0.8375
(62, 117): 0.8361
(62, 118): 0.8353
(62, 119): 0.8345
(62, 120): 0.8340
(62, 121): 0.8339
(62, 122): 0.8339
(62, 123): 0.8338
(62, 124): 0.8337
(62, 125): 0.8336
(62, 126): 0.8336
(62, 127): 0.8335
(62, 128): 0.8334
(62, 129): 0.8334
(62, 130): 0.8333
(62, 131): 0.8332
(62, 132): 0.8331
(62, 133): 0.8331
(62, 134): 0.8330
(62, 135): 0.8329
(62, 136): 0.8330
(62, 137): 0.8336
(62, 138): 0.8341
(62, 139): 0.8346
(63, 114): 0.8410
(63, 115): 0.8396
(63, 116): 0.8382
(63, 117): 0.8371
(63, 118): 0.8363
(63, 119): 0.8355
(63, 120): 0.8349
(63, 121): 0.8348
(63, 122): 0.8347
(63, 123): 0.8346
(63, 124): 0.8346
(63, 125): 0.8345
(63, 126): 0.8344
(63, 127): 0.8344
(63, 128): 0.8343
(63, 129): 0.8342
(63, 130): 0.8341
(63, 131): 0.8341
(63, 132): 0.8340
(63, 133): 0.8339
(63, 134): 0.8344
(63, 135): 0.8349
(63, 136): 0.8355
(63, 137): 0.8360
(63, 138): 0.8455
(64, 114): 0.8416
(64, 115): 0.8402
(64, 116): 0.8389
(64, 117): 0.8381
(64, 118): 0.8373
(64, 119): 0.8365
(64, 120): 0.8357
(64, 121): 0.8356
(64, 122): 0.8356
(64, 123): 0.8355
(64, 124): 0.8354
(64, 125): 0.8353
(64, 126): 0.8353
(64, 127): 0.8352
(64, 128): 0.8351
(64, 129): 0.8351
(64, 130): 0.8350
(64, 131): 0.8353
(64, 132): 0.8358
(64, 133): 0.8363
(64, 134): 0.8368
(64, 135): 0.8374
(64, 136): 0.8379
(65, 114): 0.8423
(65, 115): 0.8409
(65, 116): 0.8399
(65, 117): 0.8391
(65, 118): 0.8383
(65, 119): 0.8375
(65, 120): 0.8367
(65, 121): 0.8365
(65, 122): 0.8364
(65, 123): 0.8363
(65, 124): 0.8363
(65, 125): 0.8362
(65, 126): 0.8361
(65, 127): 0.8361
(65, 128): 0.8361
(65, 129): 0.8367
(65, 130): 0.8372
(65, 131): 0.8377
(65, 132): 0.8382
(65, 133): 0.8387
(65, 134): 0.8393
(66, 114): 0.8429
(66, 115): 0.8417
(66, 116): 0.8409
(66, 117): 0.8401
(66, 118): 0.8393
(66, 119): 0.8385
(66, 120): 0.8377
(66, 121): 0.8373
(66, 122): 0.8373
(66, 123): 0.8372
(66, 124): 0.8371
(66, 125): 0.8370
(66, 126): 0.8375
(66, 127): 0.8380
(66, 128): 0.8386
(66, 129): 0.8391
(66, 130): 0.8396
(66, 131): 0.8401
(66, 132): 0.8406
(66, 133): 0.8419
(67, 114): 0.8436
(67, 115): 0.8427
(67, 116): 0.8419
(67, 117): 0.8411
(67, 118): 0.8402
(67, 119): 0.8394
(67, 120): 0.8386
(67, 121): 0.8382
(67, 122): 0.8381
(67, 123): 0.8384
(67, 124): 0.8389
(67, 125): 0.8394
(67, 126): 0.8399
(67, 127): 0.8405
(67, 128): 0.8410
(67, 129): 0.8415
(67, 130): 0.8420
(67, 131): 0.8425
(68, 115): 0.8437
(68, 116): 0.8430
(68, 117): 0.8422
(68, 118): 0.8414
(68, 119): 0.8405
(68, 120): 0.8397
(68, 121): 0.8392
(68, 122): 0.8401
(68, 123): 0.8408
(68, 124): 0.8413
(68, 125): 0.8418
(68, 126): 0.8424
(68, 127): 0.8429
(68, 128): 0.8434
(68, 129): 0.8439
(69, 116): 0.8438
(69, 117): 0.8434
(69, 118): 0.8426
(69, 119): 0.8418
(69, 120): 0.8410
(69, 121): 0.8401
(69, 122): 0.8402
(69, 123): 0.8412
(69, 124): 0.8422
(69, 125): 0.8431
(69, 126): 0.8441
(69, 127): 0.8450
(69, 128): 0.8458
(70, 116): 0.8443
(70, 117): 0.8439
(70, 118): 0.8436
(70, 119): 0.8430
(70, 120): 0.8422
(70, 121): 0.8414
(70, 122): 0.8406
(70, 123): 0.8413
(70, 124): 0.8423
(70, 125): 0.8432
(70, 126): 0.8442
(70, 127): 0.8451
(70, 128): 0.8804
(71, 117): 0.8443
(71, 118): 0.8440
(71, 119): 0.8436
(71, 120): 0.8433
(71, 121): 0.8426
(71, 122): 0.8418
(71, 123): 0.8414
(71, 124): 0.8424
(71, 125): 0.8433
(71, 126): 0.8443
(71, 127): 0.8467
(71, 128): 0.8812
(72, 118): 0.8444
(72, 119): 0.8441
(72, 120): 0.8437
(72, 121): 0.8434
(72, 122): 0.8430
(72, 123): 0.8423
(72, 124): 0.8425
(72, 125): 0.8435
(72, 126): 0.8458
(72, 127): 0.8486
(72, 128): 0.8821
(72, 129): 0.8809
(73, 118): 0.8448
(73, 119): 0.8444
(73, 120): 0.8441
(73, 121): 0.8438
(73, 122): 0.8434
(73, 123): 0.8431
(73, 124): 0.8427
(73, 125): 0.8446
(73, 126): 0.8468
(73, 127): 0.8489
(73, 128): 0.8830
(73, 129): 0.8818
(74, 118): 0.8452
(74, 119): 0.8446
(74, 120): 0.8442
(74, 121): 0.8439
(74, 122): 0.8436
(74, 123): 0.8433
(74, 124): 0.8429
(74, 125): 0.8448
(74, 126): 0.8470
(74, 127): 0.8492
(74, 128): 0.8504
(74, 129): 0.8827
(75, 118): 0.8457
(75, 119): 0.8447
(75, 120): 0.8444
(75, 121): 0.8440
(75, 122): 0.8437
(75, 123): 0.8434
(75, 124): 0.8430
(75, 125): 0.8451
(75, 126): 0.8473
(75, 127): 0.8491
(75, 128): 0.8503
(75, 129): 0.8836
(75, 130): 0.8824
(76, 117): 0.8473
(76, 118): 0.8461
(76, 119): 0.8450
(76, 120): 0.8445
(76, 121): 0.8442
(76, 122): 0.8438
(76, 123): 0.8435
(76, 124): 0.8432
(76, 125): 0.8453
(76, 126): 0.8475
(76, 127): 0.8491
(76, 128): 0.8503
(76, 129): 0.8845
(76, 130): 0.8833
(77, 117): 0.8477
(77, 118): 0.8466
(77, 119): 0.8454
(77, 120): 0.8446
(77, 121): 0.8443
(77, 122): 0.8440
(77, 123): 0.8436
(77, 124): 0.8434
(77, 125): 0.8456
(77, 126): 0.8478
(77, 127): 0.8491
(77, 128): 0.8503
(77, 129): 0.8515
(77, 130): 0.8842
(78, 117): 0.8482
(78, 118): 0.8471
(78, 119): 0.8459
(78, 120): 0.8447
(78, 121): 0.8444
(78, 122): 0.8441
(78, 123): 0.8438
(78, 124): 0.8437
(78, 125): 0.8458
(78, 126): 0.8479
(78, 127): 0.8491
(78, 128): 0.8503
(78, 129): 0.8515
(78, 130): 0.8851
(78, 131): 0.8840
(79, 116): 0.8498
(79, 117): 0.8487
(79, 118): 0.8475
(79, 119): 0.8464
(79, 120): 0.8452
(79, 121): 0.8445
(79, 122): 0.8442
(79, 123): 0.8439
(79, 124): 0.8439
(79, 125): 0.8461
(79, 126): 0.8479
(79, 127): 0.8491
(79, 128): 0.8503
(79, 129): 0.8515
(79, 130): 0.8860
(79, 131): 0.8849
(80, 116): 0.8503
(80, 117): 0.8491
(80, 118): 0.8480
(80, 119): 0.8468
(80, 120): 0.8457
(80, 121): 0.8447
(80, 122): 0.8443
(80, 123): 0.8440
(80, 124): 0.8442
(80, 125): 0.8464
(80, 126): 0.8478
(80, 127): 0.8490
(80, 128): 0.8502
(80, 129): 0.8515
(80, 130): 0.8839
(80, 131): 0.8846
(81, 116): 0.8508
(81, 117): 0.8496
(81, 118): 0.8485
(81, 119): 0.8473
(81, 120): 0.8461
(81, 121): 0.8450
(81, 122): 0.8445
(81, 123): 0.8441
(81, 124): 0.8444
(81, 125): 0.8466
(81, 126): 0.8478
(81, 127): 0.8490
(81, 128): 0.8502
(81, 129): 0.8514
(81, 130): 0.8526
(81, 131): 0.8850
(82, 115): 0.8524
(82, 116): 0.8512
(82, 117): 0.8501
(82, 118): 0.8489
(82, 119): 0.8478
(82, 120): 0.8466
(82, 121): 0.8455
(82, 122): 0.8446
(82, 123): 0.8443
(82, 124): 0.8447
(82, 125): 0.8466
(82, 126): 0.8478
(82, 127): 0.8490
(82, 128): 0.8502
(82, 129): 0.8514
(82, 130): 0.8526
(82, 131): 0.8854
(82, 132): 0.9184
(83, 115): 0.8528
(83, 116): 0.8517
(83, 117): 0.8505
(83, 118): 0.8494
(83, 119): 0.8482
(83, 120): 0.8471
(83, 121): 0.8459
(83, 122): 0.8448
(83, 123): 0.8444
(83, 124): 0.8449
(83, 125): 0.8466
(83, 126): 0.8478
(83, 127): 0.8490
(83, 128): 0.8502
(83, 129): 0.8514
(83, 130): 0.8526
(83, 131): 0.8858
(83, 132): 0.9187
(83, 133): 0.9183
(83, 134): 0.9180
(83, 135): 0.9176
(84, 115): 0.8533
(84, 116): 0.8522
(84, 117): 0.8510
(84, 118): 0.8499
(84, 119): 0.8487
(84, 120): 0.8475
(84, 121): 0.8464
(84, 122): 0.8452
(84, 123): 0.8445
(84, 124): 0.8452
(84, 125): 0.8465
(84, 126): 0.8478
(84, 127): 0.8490
(84, 128): 0.8502
(84, 129): 0.8514
(84, 130): 0.8526
(84, 131): 0.8538
(84, 132): 0.9190
(84, 133): 0.9186
(84, 134): 0.9149
(84, 135): 0.9147
(85, 114): 0.8549
(85, 115): 0.8538
(85, 116): 0.8526
(85, 117): 0.8515
(85, 118): 0.8503
(85, 119): 0.8492
(85, 120): 0.8480
(85, 121): 0.8469
(85, 122): 0.8457
(85, 123): 0.8446
(85, 124): 0.8453
(85, 125): 0.8465
(85, 126): 0.8477
(85, 127): 0.8489
(85, 128): 0.8502
(85, 129): 0.8514
(85, 130): 0.8526
(85, 131): 0.8538
(85, 132): 0.9193
(85, 133): 0.9146
(85, 134): 0.9145
(85, 135): 0.9142
(85, 136): 0.9149
(86, 114): 0.8554
(86, 115): 0.8542
(86, 116): 0.8531
(86, 117): 0.8519
(86, 118): 0.8508
(86, 119): 0.8496
(86, 120): 0.8485
(86, 121): 0.8473
(86, 122): 0.8462
(86, 123): 0.8450
(86, 124): 0.8453
(86, 125): 0.8465
(86, 126): 0.8478
(86, 127): 0.8492
(86, 128): 0.8506
(86, 129): 0.8520
(86, 130): 0.8534
(86, 131): 0.8546
(86, 132): 0.9144
(86, 133): 0.9142
(86, 134): 0.9140
(86, 135): 0.9138
(87, 114): 0.8565
(87, 115): 0.8554
(87, 116): 0.8543
(87, 117): 0.8531
(87, 118): 0.8520
(87, 119): 0.8508
(87, 120): 0.8497
(87, 121): 0.8485
(87, 122): 0.8474
(87, 123): 0.8462
(87, 124): 0.8460
(87, 125): 0.8475
(87, 126): 0.8489
(87, 127): 0.8503
(87, 128): 0.8517
(87, 129): 0.8530
(87, 130): 0.8542
(87, 131): 0.8553
(87, 132): 0.9143
(87, 133): 0.9139
(87, 134): 0.9136
(88, 115): 0.8568
(88, 116): 0.8558
(88, 117): 0.8548
(88, 118): 0.8537
(88, 119): 0.8525
(88, 120): 0.8514
(88, 121): 0.8502
(88, 122): 0.8491
(88, 123): 0.8479
(88, 124): 0.8471
(88, 125): 0.8485
(88, 126): 0.8500
(88, 127): 0.8514
(88, 128): 0.8527
(88, 129): 0.8538
(88, 130): 0.8549
(88, 131): 0.8560
(88, 132): 0.9147
(88, 133): 0.9144
(89, 116): 0.8571
(89, 117): 0.8561
(89, 118): 0.8551
(89, 119): 0.8541
(89, 120): 0.8531
(89, 121): 0.8519
(89, 122): 0.8508
(89, 123): 0.8496
(89, 124): 0.8485
(89, 125): 0.8496
(89, 126): 0.8510
(89, 127): 0.8523
(89, 128): 0.8534
(89, 129): 0.8545
(89, 130): 0.8556
(89, 131): 0.8567
(89, 132): 0.9154
(89, 133): 0.9151
(90, 117): 0.8574
(90, 118): 0.8564
(90, 119): 0.8554
(90, 120): 0.8544
(90, 121): 0.8534
(90, 122): 0.8524
(90, 123): 0.8514
(90, 124): 0.8502
(90, 125): 0.8507
(90, 126): 0.8519
(90, 127): 0.8530
(90, 128): 0.8541
(90, 129): 0.8552
(90, 130): 0.8563
(90, 131): 0.8867
(90, 132): 0.9161
(91, 117): 0.8587
(91, 118): 0.8577
(91, 119): 0.8567
(91, 120): 0.8557
(91, 121): 0.8547
(91, 122): 0.8537
(91, 123): 0.8527
(91, 124): 0.8513
(91, 125): 0.8514
(91, 126): 0.8526
(91, 127): 0.8537
(91, 128): 0.8548
(91, 129): 0.8559
(91, 130): 0.8570
(91, 131): 0.8866
(92, 118): 0.8590
(92, 119): 0.8580
(92, 120): 0.8570
(92, 121): 0.8560
(92, 122): 0.8545
(92, 123): 0.8527
(92, 124): 0.8515
(92, 125): 0.8521
(92, 126): 0.8532
(92, 127): 0.8543
(92, 128): 0.8555
(92, 129): 0.8566
(92, 130): 0.8578
(92, 131): 0.8866
(93, 119): 0.8593
(93, 120): 0.8576
(93, 121): 0.8558
(93, 122): 0.8541
(93, 123): 0.8523
(93, 124): 0.8521
(93, 125): 0.8527
(93, 126): 0.8538
(93, 127): 0.8550
(93, 128): 0.8561
(93, 129): 0.8573
(93, 130): 0.8584
(93, 131): 0.8866
(93, 132): 0.8870
(94, 119): 0.8590
(94, 120): 0.8572
(94, 121): 0.8555
(94, 122): 0.8537
(94, 123): 0.8526
(94, 124): 0.8528
(94, 125): 0.8533
(94, 126): 0.8545
(94, 127): 0.8556
(94, 128): 0.8567
(94, 129): 0.8579
(94, 130): 0.8590
(94, 131): 0.8605
(94, 132): 0.8760
(95, 116): 0.8868
(95, 117): 0.8858
(95, 118): 0.8602
(95, 119): 0.8586
(95, 120): 0.8569
(95, 121): 0.8551
(95, 122): 0.8534
(95, 123): 0.8533
(95, 124): 0.8535
(95, 125): 0.8539
(95, 126): 0.8551
(95, 127): 0.8562
(95, 128): 0.8574
(95, 129): 0.8585
(95, 130): 0.8596
(95, 131): 0.8612
(95, 132): 0.8751
(95, 133): 0.8756
(95, 134): 0.8765
(96, 111): 0.8886
(96, 112): 0.8876
(96, 113): 0.8865
(96, 114): 0.8854
(96, 115): 0.8844
(96, 116): 0.8833
(96, 117): 0.8823
(96, 118): 0.8600
(96, 119): 0.8583
(96, 120): 0.8565
(96, 121): 0.8547
(96, 122): 0.8537
(96, 123): 0.8540
(96, 124): 0.8542
(96, 125): 0.8546
(96, 126): 0.8557
(96, 127): 0.8568
(96, 128): 0.8580
(96, 129): 0.8591
(96, 130): 0.8603
(96, 131): 0.8620
(96, 132): 0.8743
(96, 133): 0.8748
(96, 134): 0.8752
(96, 135): 0.8762
(96, 136): 0.8771
(97, 110): 0.8862
(97, 111): 0.8851
(97, 112): 0.8841
(97, 113): 0.8830
(97, 114): 0.8819
(97, 115): 0.8809
(97, 116): 0.8798
(97, 117): 0.8610
(97, 118): 0.8596
(97, 119): 0.8579
(97, 120): 0.8561
(97, 121): 0.8544
(97, 122): 0.8544
(97, 123): 0.8546
(97, 124): 0.8549
(97, 125): 0.8552
(97, 126): 0.8563
(97, 127): 0.8575
(97, 128): 0.8586
(97, 129): 0.8597
(97, 130): 0.8611
(97, 131): 0.8627
(97, 132): 0.8734
(97, 133): 0.8739
(97, 134): 0.8744
(97, 135): 0.8749
(97, 136): 0.8758
(97, 137): 0.8767
(97, 138): 0.8777
(98, 110): 0.8827
(98, 111): 0.8816
(98, 112): 0.8805
(98, 113): 0.8795
(98, 114): 0.8784
(98, 115): 0.8774
(98, 116): 0.8763
(98, 117): 0.8608
(98, 118): 0.8593
(98, 119): 0.8575
(98, 120): 0.8558
(98, 121): 0.8548
(98, 122): 0.8551
(98, 123): 0.8553
(98, 124): 0.8556
(98, 125): 0.8558
(98, 126): 0.8569
(98, 127): 0.8581
(98, 128): 0.8592
(98, 129): 0.8604
(98, 130): 0.8619
(98, 131): 0.8635
(98, 132): 0.8726
(98, 133): 0.8730
(98, 134): 0.8735
(98, 135): 0.8740
(98, 136): 0.8745
(98, 137): 0.8755
(98, 138): 0.8764
(98, 139): 0.8773
(98, 140): 0.8783
(99, 109): 0.8802
(99, 110): 0.8791
(99, 111): 0.8781
(99, 112): 0.8770
(99, 113): 0.8760
(99, 114): 0.8749
(99, 115): 0.8739
(99, 116): 0.8617
(99, 117): 0.8606
(99, 118): 0.8589
(99, 119): 0.8572
(99, 120): 0.8554
(99, 121): 0.8555
(99, 122): 0.8558
(99, 123): 0.8560
(99, 124): 0.8563
(99, 125): 0.8565
(99, 126): 0.8576
(99, 127): 0.8587
(99, 128): 0.8598
(99, 129): 0.8610
(99, 130): 0.8626
(99, 131): 0.8642
(99, 132): 0.8659
(99, 133): 0.8722
(99, 134): 0.8726
(99, 135): 0.8731
(99, 136): 0.8736
(99, 137): 0.8742
(99, 138): 0.8751
(99, 139): 0.8761
(99, 140): 0.8770
(99, 141): 0.8779
(100, 108): 0.8830
(100, 109): 0.8767
(100, 110): 0.8756
(100, 111): 0.8746
(100, 112): 0.8735
(100, 113): 0.8725
(100, 114): 0.8714
(100, 115): 0.8703
(100, 116): 0.8615
(100, 117): 0.8603
(100, 118): 0.8585
(100, 119): 0.8568
(100, 120): 0.8559
(100, 121): 0.8562
(100, 122): 0.8564
(100, 123): 0.8567
(100, 124): 0.8570
(100, 125): 0.8572
(100, 126): 0.8582
(100, 127): 0.8593
(100, 128): 0.8605
(100, 129): 0.8617
(100, 130): 0.8634
(100, 131): 0.8650
(100, 132): 0.8666
(100, 133): 0.8713
(100, 134): 0.8718
(100, 135): 0.8723
(100, 136): 0.8727
(100, 137): 0.8732
(100, 138): 0.8739
(100, 139): 0.8748
(100, 140): 0.8757
(100, 141): 0.8767
(100, 142): 0.8776
(100, 143): 0.8785
(101, 107): 0.8880
(101, 108): 0.8742
(101, 109): 0.8732
(101, 110): 0.8721
(101, 111): 0.8711
(101, 112): 0.8700
(101, 113): 0.8693
(101, 114): 0.8693
(101, 115): 0.8624
(101, 116): 0.8613
(101, 117): 0.8599
(101, 118): 0.8582
(101, 119): 0.8564
(101, 120): 0.8566
(101, 121): 0.8569
(101, 122): 0.8571
(101, 123): 0.8574
(101, 124): 0.8577
(101, 125): 0.8579
(101, 126): 0.8588
(101, 127): 0.8599
(101, 128): 0.8611
(101, 129): 0.8625
(101, 130): 0.8641
(101, 131): 0.8657
(101, 132): 0.8674
(101, 133): 0.8704
(101, 134): 0.8709
(101, 135): 0.8714
(101, 136): 0.8719
(101, 137): 0.8723
(101, 138): 0.8728
(101, 139): 0.8735
(101, 140): 0.8744
(101, 141): 0.8754
(101, 142): 0.8763
(101, 143): 0.8772
(101, 144): 0.8782
(101, 145): 0.8791
(102, 107): 0.8750
(102, 108): 0.8707
(102, 109): 0.8697
(102, 110): 0.8686
(102, 111): 0.8684
(102, 112): 0.8684
(102, 113): 0.8684
(102, 114): 0.8685
(102, 115): 0.8622
(102, 116): 0.8611
(102, 117): 0.8596
(102, 118): 0.8578
(102, 119): 0.8571
(102, 120): 0.8573
(102, 121): 0.8576
(102, 122): 0.8578
(102, 123): 0.8581
(102, 124): 0.8583
(102, 125): 0.8586
(102, 126): 0.8594
(102, 127): 0.8606
(102, 128): 0.8617
(102, 129): 0.8632
(102, 130): 0.8649
(102, 131): 0.8665
(102, 132): 0.8681
(102, 133): 0.8696
(102, 134): 0.8701
(102, 135): 0.8705
(102, 136): 0.8710
(102, 137): 0.8715
(102, 138): 0.8720
(102, 139): 0.8724
(102, 140): 0.8732
(102, 141): 0.8741
(102, 142): 0.8750
(102, 143): 0.8760
(102, 144): 0.8769
(102, 145): 0.8778
(102, 146): 0.8788
(102, 147): 0.8797
(103, 106): 0.8801
(103, 107): 0.8683
(103, 108): 0.8675
(103, 109): 0.8675
(103, 110): 0.8675
(103, 111): 0.8675
(103, 112): 0.8675
(103, 113): 0.8675
(103, 114): 0.8676
(103, 115): 0.8620
(103, 116): 0.8609
(103, 117): 0.8592
(103, 118): 0.8575
(103, 119): 0.8577
(103, 120): 0.8580
(103, 121): 0.8583
(103, 122): 0.8585
(103, 123): 0.8588
(103, 124): 0.8590
(103, 125): 0.8593
(103, 126): 0.8600
(103, 127): 0.8612
(103, 128): 0.8624
(103, 129): 0.8640
(103, 130): 0.8656
(103, 131): 0.8673
(103, 132): 0.8683
(103, 133): 0.8687
(103, 134): 0.8692
(103, 135): 0.8697
(103, 136): 0.8701
(103, 137): 0.8706
(103, 138): 0.8711
(103, 139): 0.8716
(103, 140): 0.8720
(103, 141): 0.8728
(103, 142): 0.8738
(103, 143): 0.8747
(103, 144): 0.8756
(103, 145): 0.8766
(103, 146): 0.8775
(103, 147): 0.8784
(103, 148): 0.8793
(103, 149): 0.8803
(104, 105): 0.8852
(104, 106): 0.8677
(104, 107): 0.8669
(104, 108): 0.8666
(104, 109): 0.8666
(104, 110): 0.8666
(104, 111): 0.8666
(104, 112): 0.8666
(104, 113): 0.8667
(104, 114): 0.8667
(104, 115): 0.8618
(104, 116): 0.8606
(104, 117): 0.8588
(104, 118): 0.8582
(104, 119): 0.8584
(104, 120): 0.8587
(104, 121): 0.8589
(104, 122): 0.8592
(104, 123): 0.8595
(104, 124): 0.8597
(104, 125): 0.8600
(104, 126): 0.8607
(104, 127): 0.8618
(104, 128): 0.8631
(104, 129): 0.8647
(104, 130): 0.8664
(104, 131): 0.8669
(104, 132): 0.8674
(104, 133): 0.8679
(104, 134): 0.8683
(104, 135): 0.8688
(104, 136): 0.8693
(104, 137): 0.8698
(104, 138): 0.8702
(104, 139): 0.8707
(104, 140): 0.8712
(104, 141): 0.8717
(104, 142): 0.8725
(104, 143): 0.8734
(104, 144): 0.8744
(104, 145): 0.8753
(104, 146): 0.8762
(104, 147): 0.8771
(104, 148): 0.8781
(104, 149): 0.8790
(104, 150): 0.8799
(105, 105): 0.8721
(105, 106): 0.8677
(105, 107): 0.8672
(105, 108): 0.8669
(105, 109): 0.8666
(105, 110): 0.8663
(105, 111): 0.8661
(105, 112): 0.8658
(105, 113): 0.8658
(105, 114): 0.8658
(105, 115): 0.8616
(105, 116): 0.8602
(105, 117): 0.8586
(105, 118): 0.8589
(105, 119): 0.8591
(105, 120): 0.8594
(105, 121): 0.8596
(105, 122): 0.8599
(105, 123): 0.8601
(105, 124): 0.8604
(105, 125): 0.8607
(105, 126): 0.8613
(105, 127): 0.8624
(105, 128): 0.8639
(105, 129): 0.8655
(105, 130): 0.8659
(105, 131): 0.8661
(105, 132): 0.8665
(105, 133): 0.8670
(105, 134): 0.8675
(105, 135): 0.8679
(105, 136): 0.8684
(105, 137): 0.8689
(105, 138): 0.8694
(105, 139): 0.8698
(105, 140): 0.8703
(105, 141): 0.8708
(105, 142): 0.8713
(105, 143): 0.8722
(105, 144): 0.8731
(105, 145): 0.8740
(105, 146): 0.8749
(105, 147): 0.8759
(105, 148): 0.8768
(105, 149): 0.8777
(105, 150): 0.8787
(105, 151): 0.8796
(105, 152): 0.8805
(106, 104): 0.8772
(106, 105): 0.8701
(106, 106): 0.8681
(106, 107): 0.8675
(106, 108): 0.8672
(106, 109): 0.8669
(106, 110): 0.8666
(106, 111): 0.8664
(106, 112): 0.8661
(106, 113): 0.8658
(106, 114): 0.8655
(106, 115): 0.8614
(106, 116): 0.8599
(106, 117): 0.8593
(106, 118): 0.8595
(106, 119): 0.8598
(106, 120): 0.8601
(106, 121): 0.8603
(106, 122): 0.8606
(106, 123): 0.8608
(106, 124): 0.8611
(106, 125): 0.8614
(106, 126): 0.8619
(106, 127): 0.8630
(106, 128): 0.8646
(106, 129): 0.8650
(106, 130): 0.8650
(106, 131): 0.8652
(106, 132): 0.8657
(106, 133): 0.8661
(106, 134): 0.8666
(106, 135): 0.8671
(106, 136): 0.8676
(106, 137): 0.8680
(106, 138): 0.8685
(106, 139): 0.8690
(106, 140): 0.8695
(106, 141): 0.8699
(106, 142): 0.8704
(106, 143): 0.8709
(106, 144): 0.8718
(106, 145): 0.8727
(106, 146): 0.8737
(106, 147): 0.8746
(106, 148): 0.8755
(106, 149): 0.8765
(106, 150): 0.8774
(106, 151): 0.8783
(106, 152): 0.8793
(106, 153): 0.8802
(106, 154): 0.8811
(107, 103): 0.8823
(107, 104): 0.8725
(107, 105): 0.8701
(107, 106): 0.8686
(107, 107): 0.8679
(107, 108): 0.8675
(107, 109): 0.8672
(107, 110): 0.8670
(107, 111): 0.8667
(107, 112): 0.8664
(107, 113): 0.8661
(107, 114): 0.8658
(107, 115): 0.8612
(107, 116): 0.8597
(107, 117): 0.8600
(107, 118): 0.8602
(107, 119): 0.8605
(107, 120): 0.8607
(107, 121): 0.8610
(107, 122): 0.8613
(107, 123): 0.8615
(107, 124): 0.8618
(107, 125): 0.8620
(107, 126): 0.8625
(107, 127): 0.8637
(107, 128): 0.8641
(107, 129): 0.8641
(107, 130): 0.8641
(107, 131): 0.8643
(107, 132): 0.8648
(107, 133): 0.8653
(107, 134): 0.8657
(107, 135): 0.8662
(107, 136): 0.8667
(107, 137): 0.8672
(107, 138): 0.8676
(107, 139): 0.8681
(107, 140): 0.8686
(107, 141): 0.8691
(107, 142): 0.8695
(107, 143): 0.8700
(107, 144): 0.8705
(107, 145): 0.8715
(107, 146): 0.8724
(107, 147): 0.8733
(107, 148): 0.8743
(107, 149): 0.8752
(107, 150): 0.8761
(107, 151): 0.8771
(107, 152): 0.8780
(107, 153): 0.8789
(107, 154): 0.8798
(107, 155): 0.8808
(107, 156): 0.8817
(108, 102): 0.8873
(108, 103): 0.8748
(108, 104): 0.8725
(108, 105): 0.8701
(108, 106): 0.8690
(108, 107): 0.8683
(108, 108): 0.8678
(108, 109): 0.8675
(108, 110): 0.8673
(108, 111): 0.8670
(108, 112): 0.8667
(108, 113): 0.8664
(108, 114): 0.8661
(108, 115): 0.8609
(108, 116): 0.8604
(108, 117): 0.8607
(108, 118): 0.8609
(108, 119): 0.8612
(108, 120): 0.8614
(108, 121): 0.8617
(108, 122): 0.8620
(108, 123): 0.8622
(108, 124): 0.8625
(108, 125): 0.8627
(108, 126): 0.8632
(108, 127): 0.8632
(108, 128): 0.8632
(108, 129): 0.8632
(108, 130): 0.8632
(108, 131): 0.8635
(108, 132): 0.8639
(108, 133): 0.8644
(108, 134): 0.8649
(108, 135): 0.8654
(108, 136): 0.8658
(108, 137): 0.8663
(108, 138): 0.8668
(108, 139): 0.8673
(108, 140): 0.8677
(108, 141): 0.8682
(108, 142): 0.8687
(108, 143): 0.8691
(108, 144): 0.8696
(108, 145): 0.8702
(108, 146): 0.8711
(108, 147): 0.8721
(108, 148): 0.8730
(108, 149): 0.8739
(108, 150): 0.8749
(108, 151): 0.8758
(108, 152): 0.8767
(108, 153): 0.8776
(108, 154): 0.8786
(108, 155): 0.8795
(108, 156): 0.8804
(108, 157): 0.8814
(109, 102): 0.8772
(109, 103): 0.8748
(109, 104): 0.8725
(109, 105): 0.8701
(109, 106): 0.8694
(109, 107): 0.8687
(109, 108): 0.8681
(109, 109): 0.8679
(109, 110): 0.8676
(109, 111): 0.8673
(109, 112): 0.8670
(109, 113): 0.8667
(109, 114): 0.8664
(109, 115): 0.8608
(109, 116): 0.8611
(109, 117): 0.8614
(109, 118): 0.8616
(109, 119): 0.8619
(109, 120): 0.8621
(109, 121): 0.8624
(109, 122): 0.8626
(109, 123): 0.8629
(109, 124): 0.8632
(109, 125): 0.8633
(109, 126): 0.8630
(109, 127): 0.8627
(109, 128): 0.8624
(109, 129): 0.8623
(109, 130): 0.8623
(109, 131): 0.8626
(109, 132): 0.8631
(109, 133): 0.8636
(109, 134): 0.8640
(109, 135): 0.8645
(109, 136): 0.8650
(109, 137): 0.8654
(109, 138): 0.8659
(109, 139): 0.8664
(109, 140): 0.8669
(109, 141): 0.8673
(109, 142): 0.8678
(109, 143): 0.8683
(109, 144): 0.8688
(109, 145): 0.8692
(109, 146): 0.8699
(109, 147): 0.8708
(109, 148): 0.8717
(109, 149): 0.8726
(109, 150): 0.8736
(109, 151): 0.8745
(109, 152): 0.8754
(109, 153): 0.8764
(109, 154): 0.8773
(109, 155): 0.8782
(109, 156): 0.8792
(109, 157): 0.8805
(110, 101): 0.8796
(110, 102): 0.8772
(110, 103): 0.8749
(110, 104): 0.8725
(110, 105): 0.8704
(110, 106): 0.8698
(110, 107): 0.8691
(110, 108): 0.8685
(110, 109): 0.8682
(110, 110): 0.8679
(110, 111): 0.8676
(110, 112): 0.8673
(110, 113): 0.8670
(110, 114): 0.8667
(110, 115): 0.8615
(110, 116): 0.8618
(110, 117): 0.8620
(110, 118): 0.8623
(110, 119): 0.8626
(110, 120): 0.8628
(110, 121): 0.8631
(110, 122): 0.8633
(110, 123): 0.8636
(110, 124): 0.8638
(110, 125): 0.8636
(110, 126): 0.8633
(110, 127): 0.8630
(110, 128): 0.8627
(110, 129): 0.8624
(110, 130): 0.8621
(110, 131): 0.8623
(110, 132): 0.8624
(110, 133): 0.8627
(110, 134): 0.8632
(110, 135): 0.8636
(110, 136): 0.8641
(110, 137): 0.8646
(110, 138): 0.8651
(110, 139): 0.8655
(110, 140): 0.8660
(110, 141): 0.8665
(110, 142): 0.8670
(110, 143): 0.8674
(110, 144): 0.8679
(110, 145): 0.8684
(110, 146): 0.8688
(110, 147): 0.8695
(110, 148): 0.8704
(110, 149): 0.8714
(110, 150): 0.8723
(110, 151): 0.8732
(110, 152): 0.8742
(110, 153): 0.8751
(110, 154): 0.8760
(110, 155): 0.8770
(110, 156): 0.8784
(110, 157): 0.8805
(111, 100): 0.8844
(111, 101): 0.8796
(111, 102): 0.8772
(111, 103): 0.8749
(111, 104): 0.8725
(111, 105): 0.8708
(111, 106): 0.8702
(111, 107): 0.8695
(111, 108): 0.8689
(111, 109): 0.8685
(111, 110): 0.8682
(111, 111): 0.8679
(111, 112): 0.8676
(111, 113): 0.8673
(111, 114): 0.8670
(111, 115): 0.8642
(111, 116): 0.8645
(111, 117): 0.8647
(111, 118): 0.8650
(111, 119): 0.8653
(111, 120): 0.8653
(111, 121): 0.8650
(111, 122): 0.8647
(111, 123): 0.8645
(111, 124): 0.8642
(111, 125): 0.8639
(111, 126): 0.8636
(111, 127): 0.8633
(111, 128): 0.8630
(111, 129): 0.8627
(111, 130): 0.8626
(111, 131): 0.8628
(111, 132): 0.8630
(111, 133): 0.8631
(111, 134): 0.8632
(111, 135): 0.8633
(111, 136): 0.8634
(111, 137): 0.8637
(111, 138): 0.8642
(111, 139): 0.8647
(111, 140): 0.8651
(111, 141): 0.8656
(111, 142): 0.8661
(111, 143): 0.8666
(111, 144): 0.8670
(111, 145): 0.8675
(111, 146): 0.8680
(111, 147): 0.8685
(111, 148): 0.8692
(111, 149): 0.8701
(111, 150): 0.8710
(111, 151): 0.8720
(111, 152): 0.8729
(111, 153): 0.8738
(111, 154): 0.8748
(111, 155): 0.8763
(111, 156): 0.8784
(111, 157): 0.8804
(112, 100): 0.8820
(112, 101): 0.8796
(112, 102): 0.8773
(112, 103): 0.8749
(112, 104): 0.8725
(112, 105): 0.8712
(112, 106): 0.8706
(112, 107): 0.8699
(112, 108): 0.8693
(112, 109): 0.8688
(112, 110): 0.8685
(112, 111): 0.8682
(112, 112): 0.8679
(112, 113): 0.8676
(112, 114): 0.8673
(112, 115): 0.8671
(112, 116): 0.8668
(112, 117): 0.8665
(112, 118): 0.8662
(112, 119): 0.8659
(112, 120): 0.8656
(112, 121): 0.8653
(112, 122): 0.8650
(112, 123): 0.8648
(112, 124): 0.8645
(112, 125): 0.8642
(112, 126): 0.8639
(112, 127): 0.8636
(112, 128): 0.8633
(112, 129): 0.8630
(112, 130): 0.8631
(112, 131): 0.8634
(112, 132): 0.8636
(112, 133): 0.8638
(112, 134): 0.8639
(112, 135): 0.8640
(112, 136): 0.8641
(112, 137): 0.8642
(112, 138): 0.8643
(112, 139): 0.8644
(112, 140): 0.8645
(112, 141): 0.8648
(112, 142): 0.8652
(112, 143): 0.8657
(112, 144): 0.8662
(112, 145): 0.8666
(112, 146): 0.8671
(112, 147): 0.8676
(112, 148): 0.8681
(112, 149): 0.8688
(112, 150): 0.8698
(112, 151): 0.8707
(112, 152): 0.8716
(112, 153): 0.8726
(112, 154): 0.8743
(112, 155): 0.8763
(112, 156): 0.8784
(112, 157): 0.8804
(113, 99): 0.8844
(113, 100): 0.8820
(113, 101): 0.8796
(113, 102): 0.8773
(113, 103): 0.8749
(113, 104): 0.8725
(113, 105): 0.8716
(113, 106): 0.8710
(113, 107): 0.8704
(113, 108): 0.8697
(113, 109): 0.8691
(113, 110): 0.8688
(113, 111): 0.8685
(113, 112): 0.8682
(113, 113): 0.8679
(113, 114): 0.8676
(113, 115): 0.8674
(113, 116): 0.8671
(113, 117): 0.8668
(113, 118): 0.8665
(113, 119): 0.8662
(113, 120): 0.8659
(113, 121): 0.8656
(113, 122): 0.8654
(113, 123): 0.8651
(113, 124): 0.8648
(113, 125): 0.8645
(113, 126): 0.8642
(113, 127): 0.8639
(113, 128): 0.8636
(113, 129): 0.8634
(113, 130): 0.8636
(113, 131): 0.8639
(113, 132): 0.8642
(113, 133): 0.8644
(113, 134): 0.8646
(113, 135): 0.8647
(113, 136): 0.8648
(113, 137): 0.8649
(113, 138): 0.8650
(113, 139): 0.8651
(113, 140): 0.8652
(113, 141): 0.8653
(113, 142): 0.8654
(113, 143): 0.8655
(113, 144): 0.8656
(113, 145): 0.8658
(113, 146): 0.8663
(113, 147): 0.8667
(113, 148): 0.8672
(113, 149): 0.8677
(113, 150): 0.8685
(113, 151): 0.8694
(113, 152): 0.8704
(113, 153): 0.8722
(113, 154): 0.8742
(113, 155): 0.8763
(113, 156): 0.8783
(113, 157): 0.8804
(114, 99): 0.8844
(114, 100): 0.8820
(114, 101): 0.8796
(114, 102): 0.8773
(114, 103): 0.8749
(114, 104): 0.8727
(114, 105): 0.8721
(114, 106): 0.8714
(114, 107): 0.8708
(114, 108): 0.8701
(114, 109): 0.8695
(114, 110): 0.8691
(114, 111): 0.8688
(114, 112): 0.8685
(114, 113): 0.8682
(114, 114): 0.8680
(114, 115): 0.8677
(114, 116): 0.8674
(114, 117): 0.8671
(114, 118): 0.8668
(114, 119): 0.8665
(114, 120): 0.8662
(114, 121): 0.8660
(114, 122): 0.8657
(114, 123): 0.8654
(114, 124): 0.8651
(114, 125): 0.8648
(114, 126): 0.8645
(114, 127): 0.8642
(114, 128): 0.8639
(114, 129): 0.8639
(114, 130): 0.8642
(114, 131): 0.8644
(114, 132): 0.8647
(114, 133): 0.8650
(114, 134): 0.8652
(114, 135): 0.8654
(114, 136): 0.8655
(114, 137): 0.8655
(114, 138): 0.8656
(114, 139): 0.8657
(114, 140): 0.8658
(114, 141): 0.8659
(114, 142): 0.8660
(114, 143): 0.8661
(114, 144): 0.8662
(114, 145): 0.8663
(114, 146): 0.8664
(114, 147): 0.8665
(114, 148): 0.8666
(114, 149): 0.8668
(114, 150): 0.8673
(114, 151): 0.8682
(114, 152): 0.8701
(114, 153): 0.8722
(114, 154): 0.8742
(114, 155): 0.8762
(114, 156): 0.8783
(114, 157): 0.8803
(114, 158): 0.8824
(115, 98): 0.8870
(115, 99): 0.8844
(115, 100): 0.8820
(115, 101): 0.8797
(115, 102): 0.8773
(115, 103): 0.8749
(115, 104): 0.8731
(115, 105): 0.8725
(115, 106): 0.8718
(115, 107): 0.8712
(115, 108): 0.8705
(115, 109): 0.8699
(115, 110): 0.8694
(115, 111): 0.8691
(115, 112): 0.8688
(115, 113): 0.8685
(115, 114): 0.8683
(115, 115): 0.8680
(115, 116): 0.8677
(115, 117): 0.8674
(115, 118): 0.8671
(115, 119): 0.8668
(115, 120): 0.8665
(115, 121): 0.8663
(115, 122): 0.8660
(115, 123): 0.8657
(115, 124): 0.8654
(115, 125): 0.8651
(115, 126): 0.8648
(115, 127): 0.8645
(115, 128): 0.8643
(115, 129): 0.8645
(115, 130): 0.8647
(115, 131): 0.8650
(115, 132): 0.8652
(115, 133): 0.8655
(115, 134): 0.8658
(115, 135): 0.8660
(115, 136): 0.8661
(115, 137): 0.8662
(115, 138): 0.8663
(115, 139): 0.8664
(115, 140): 0.8665
(115, 141): 0.8666
(115, 142): 0.8667
(115, 143): 0.8668
(115, 144): 0.8669
(115, 145): 0.8670
(115, 146): 0.8671
(115, 147): 0.8672
(115, 148): 0.8673
(115, 149): 0.8674
(115, 150): 0.8675
(115, 151): 0.8685
(115, 152): 0.8705
(115, 153): 0.8725
(115, 154): 0.8746
(115, 155): 0.8766
(115, 156): 0.8786
(115, 157): 0.8806
(116, 98): 0.8870
(116, 99): 0.8844
(116, 100): 0.8820
(116, 101): 0.8797
(116, 102): 0.8773
(116, 103): 0.8749
(116, 104): 0.8735
(116, 105): 0.8729
(116, 106): 0.8722
(116, 107): 0.8716
(116, 108): 0.8709
(116, 109): 0.8703
(116, 110): 0.8697
(116, 111): 0.8694
(116, 112): 0.8691
(116, 113): 0.8689
(116, 114): 0.8686
(116, 115): 0.8683
(116, 116): 0.8680
(116, 117): 0.8677
(116, 118): 0.8674
(116, 119): 0.8671
(116, 120): 0.8669
(116, 121): 0.8666
(116, 122): 0.8663
(116, 123): 0.8660
(116, 124): 0.8657
(116, 125): 0.8654
(116, 126): 0.8651
(116, 127): 0.8648
(116, 128): 0.8647
(116, 129): 0.8650
(116, 130): 0.8653
(116, 131): 0.8655
(116, 132): 0.8658
(116, 133): 0.8661
(116, 134): 0.8663
(116, 135): 0.8666
(116, 136): 0.8668
(116, 137): 0.8669
(116, 138): 0.8670
(116, 139): 0.8671
(116, 140): 0.8672
(116, 141): 0.8673
(116, 142): 0.8674
(116, 143): 0.8675
(116, 144): 0.8676
(116, 145): 0.8677
(116, 146): 0.8678
(116, 147): 0.8679
(116, 148): 0.8680
(116, 149): 0.8681
(116, 150): 0.8682
(116, 151): 0.8693
(116, 152): 0.8713
(116, 153): 0.8734
(116, 154): 0.8754
(116, 155): 0.8774
(116, 156): 0.8794
(116, 157): 0.8814
(117, 98): 0.8871
(117, 99): 0.8844
(117, 100): 0.8820
(117, 101): 0.8797
(117, 102): 0.8773
(117, 103): 0.8749
(117, 104): 0.8739
(117, 105): 0.8733
(117, 106): 0.8726
(117, 107): 0.8720
(117, 108): 0.8713
(117, 109): 0.8707
(117, 110): 0.8701
(117, 111): 0.8697
(117, 112): 0.8695
(117, 113): 0.8692
(117, 114): 0.8689
(117, 115): 0.8686
(117, 116): 0.8683
(117, 117): 0.8680
(117, 118): 0.8677
(117, 119): 0.8674
(117, 120): 0.8672
(117, 121): 0.8669
(117, 122): 0.8666
(117, 123): 0.8663
(117, 124): 0.8660
(117, 125): 0.8657
(117, 126): 0.8654
(117, 127): 0.8652
(117, 128): 0.8653
(117, 129): 0.8655
(117, 130): 0.8658
(117, 131): 0.8661
(117, 132): 0.8663
(117, 133): 0.8666
(117, 134): 0.8669
(117, 135): 0.8671
(117, 136): 0.8674
(117, 137): 0.8676
(117, 138): 0.8677
(117, 139): 0.8678
(117, 140): 0.8679
(117, 141): 0.8680
(117, 142): 0.8681
(117, 143): 0.8682
(117, 144): 0.8683
(117, 145): 0.8684
(117, 146): 0.8685
(117, 147): 0.8685
(117, 148): 0.8686
(117, 149): 0.8687
(117, 150): 0.8688
(117, 151): 0.8702
(117, 152): 0.8722
(117, 153): 0.8742
(117, 154): 0.8762
(117, 155): 0.8782
(117, 156): 0.8802
(117, 157): 0.8827
(118, 98): 0.8872
(118, 99): 0.8844
(118, 100): 0.8821
(118, 101): 0.8797
(118, 102): 0.8773
(118, 103): 0.8750
(118, 104): 0.8743
(118, 105): 0.8737
(118, 106): 0.8730
(118, 107): 0.8724
(118, 108): 0.8718
(118, 109): 0.8711
(118, 110): 0.8705
(118, 111): 0.8700
(118, 112): 0.8698
(118, 113): 0.8695
(118, 114): 0.8692
(118, 115): 0.8689
(118, 116): 0.8686
(118, 117): 0.8683
(118, 118): 0.8680
(118, 119): 0.8678
(118, 120): 0.8675
(118, 121): 0.8672
(118, 122): 0.8669
(118, 123): 0.8666
(118, 124): 0.8663
(118, 125): 0.8660
(118, 126): 0.8657
(118, 127): 0.8655
(118, 128): 0.8658
(118, 129): 0.8661
(118, 130): 0.8663
(118, 131): 0.8666
(118, 132): 0.8669
(118, 133): 0.8671
(118, 134): 0.8674
(118, 135): 0.8677
(118, 136): 0.8679
(118, 137): 0.8682
(118, 138): 0.8684
(118, 139): 0.8684
(118, 140): 0.8685
(118, 141): 0.8686
(118, 142): 0.8687
(118, 143): 0.8688
(118, 144): 0.8689
(118, 145): 0.8690
(118, 146): 0.8691
(118, 147): 0.8692
(118, 148): 0.8693
(118, 149): 0.8694
(118, 150): 0.8695
(118, 151): 0.8710
(118, 152): 0.8730
(118, 153): 0.8750
(118, 154): 0.8770
(118, 155): 0.8790
(118, 156): 0.8811
(119, 98): 0.8873
(119, 99): 0.8844
(119, 100): 0.8821
(119, 101): 0.8797
(119, 102): 0.8773
(119, 103): 0.8754
(119, 104): 0.8747
(119, 105): 0.8741
(119, 106): 0.8735
(119, 107): 0.8728
(119, 108): 0.8722
(119, 109): 0.8715
(119, 110): 0.8709
(119, 111): 0.8704
(119, 112): 0.8701
(119, 113): 0.8698
(119, 114): 0.8695
(119, 115): 0.8692
(119, 116): 0.8689
(119, 117): 0.8686
(119, 118): 0.8683
(119, 119): 0.8681
(119, 120): 0.8678
(119, 121): 0.8675
(119, 122): 0.8672
(119, 123): 0.8669
(119, 124): 0.8666
(119, 125): 0.8663
(119, 126): 0.8661
(119, 127): 0.8661
(119, 128): 0.8663
(119, 129): 0.8666
(119, 130): 0.8669
(119, 131): 0.8671
(119, 132): 0.8674
(119, 133): 0.8677
(119, 134): 0.8679
(119, 135): 0.8682
(119, 136): 0.8685
(119, 137): 0.8687
(119, 138): 0.8690
(119, 139): 0.8691
(119, 140): 0.8692
(119, 141): 0.8693
(119, 142): 0.8694
(119, 143): 0.8695
(119, 144): 0.8696
(119, 145): 0.8697
(119, 146): 0.8698
(119, 147): 0.8699
(119, 148): 0.8700
(119, 149): 0.8701
(119, 150): 0.8702
(119, 151): 0.8718
(119, 152): 0.8738
(119, 153): 0.8758
(119, 154): 0.8778
(119, 155): 0.8799
(119, 156): 0.8824
(120, 98): 0.8874
(120, 99): 0.8844
(120, 100): 0.8821
(120, 101): 0.8797
(120, 102): 0.8773
(120, 103): 0.8758
(120, 104): 0.8751
(120, 105): 0.8745
(120, 106): 0.8739
(120, 107): 0.8732
(120, 108): 0.8726
(120, 109): 0.8719
(120, 110): 0.8713
(120, 111): 0.8707
(120, 112): 0.8704
(120, 113): 0.8701
(120, 114): 0.8698
(120, 115): 0.8695
(120, 116): 0.8692
(120, 117): 0.8689
(120, 118): 0.8687
(120, 119): 0.8684
(120, 120): 0.8681
(120, 121): 0.8678
(120, 122): 0.8675
(120, 123): 0.8672
(120, 124): 0.8669
(120, 125): 0.8666
(120, 126): 0.8664
(120, 127): 0.8666
(120, 128): 0.8669
(120, 129): 0.8671
(120, 130): 0.8674
(120, 131): 0.8677
(120, 132): 0.8679
(120, 133): 0.8682
(120, 134): 0.8685
(120, 135): 0.8687
(120, 136): 0.8690
(120, 137): 0.8693
(120, 138): 0.8695
(120, 139): 0.8698
(120, 140): 0.8699
(120, 141): 0.8700
(120, 142): 0.8701
(120, 143): 0.8702
(120, 144): 0.8703
(120, 145): 0.8704
(120, 146): 0.8705
(120, 147): 0.8706
(120, 148): 0.8707
(120, 149): 0.8708
(120, 150): 0.8709
(120, 151): 0.8726
(120, 152): 0.8746
(120, 153): 0.8767
(120, 154): 0.8787
(120, 155): 0.8807
(120, 156): 0.8850
(121, 98): 0.8874
(121, 99): 0.8845
(121, 100): 0.8821
(121, 101): 0.8797
(121, 102): 0.8774
(121, 103): 0.8762
(121, 104): 0.8756
(121, 105): 0.8749
(121, 106): 0.8743
(121, 107): 0.8736
(121, 108): 0.8730
(121, 109): 0.8723
(121, 110): 0.8717
(121, 111): 0.8711
(121, 112): 0.8707
(121, 113): 0.8704
(121, 114): 0.8701
(121, 115): 0.8698
(121, 116): 0.8695
(121, 117): 0.8692
(121, 118): 0.8690
(121, 119): 0.8687
(121, 120): 0.8684
(121, 121): 0.8681
(121, 122): 0.8678
(121, 123): 0.8675
(121, 124): 0.8672
(121, 125): 0.8670
(121, 126): 0.8669
(121, 127): 0.8671
(121, 128): 0.8674
(121, 129): 0.8677
(121, 130): 0.8679
(121, 131): 0.8682
(121, 132): 0.8685
(121, 133): 0.8687
(121, 134): 0.8690
(121, 135): 0.8693
(121, 136): 0.8695
(121, 137): 0.8698
(121, 138): 0.8701
(121, 139): 0.8703
(121, 140): 0.8706
(121, 141): 0.8707
(121, 142): 0.8708
(121, 143): 0.8709
(121, 144): 0.8710
(121, 145): 0.8711
(121, 146): 0.8712
(121, 147): 0.8713
(121, 148): 0.8714
(121, 149): 0.8714
(121, 150): 0.8715
(121, 151): 0.8735
(121, 152): 0.8755
(121, 153): 0.8775
(121, 154): 0.8795
(121, 155): 0.8820
(122, 98): 0.8875
(122, 99): 0.8845
(122, 100): 0.8821
(122, 101): 0.8797
(122, 102): 0.8774
(122, 103): 0.8766
(122, 104): 0.8760
(122, 105): 0.8753
(122, 106): 0.8747
(122, 107): 0.8740
(122, 108): 0.8734
(122, 109): 0.8727
(122, 110): 0.8721
(122, 111): 0.8715
(122, 112): 0.8710
(122, 113): 0.8707
(122, 114): 0.8704
(122, 115): 0.8701
(122, 116): 0.8698
(122, 117): 0.8696
(122, 118): 0.8693
(122, 119): 0.8690
(122, 120): 0.8687
(122, 121): 0.8684
(122, 122): 0.8681
(122, 123): 0.8678
(122, 124): 0.8675
(122, 125): 0.8673
(122, 126): 0.8674
(122, 127): 0.8677
(122, 128): 0.8680
(122, 129): 0.8682
(122, 130): 0.8685
(122, 131): 0.8687
(122, 132): 0.8690
(122, 133): 0.8693
(122, 134): 0.8695
(122, 135): 0.8698
(122, 136): 0.8701
(122, 137): 0.8703
(122, 138): 0.8706
(122, 139): 0.8709
(122, 140): 0.8711
(122, 141): 0.8713
(122, 142): 0.8714
(122, 143): 0.8715
(122, 144): 0.8716
(122, 145): 0.8717
(122, 146): 0.8718
(122, 147): 0.8719
(122, 148): 0.8720
(122, 149): 0.8721
(122, 150): 0.8723
(122, 151): 0.8743
(122, 152): 0.8763
(122, 153): 0.8783
(122, 154): 0.8803
(122, 155): 0.8846
(123, 98): 0.8876
(123, 99): 0.8845
(123, 100): 0.8821
(123, 101): 0.8797
(123, 102): 0.8777
(123, 103): 0.8770
(123, 104): 0.8764
(123, 105): 0.8757
(123, 106): 0.8751
(123, 107): 0.8744
(123, 108): 0.8738
(123, 109): 0.8732
(123, 110): 0.8725
(123, 111): 0.8719
(123, 112): 0.8713
(123, 113): 0.8710
(123, 114): 0.8707
(123, 115): 0.8704
(123, 116): 0.8701
(123, 117): 0.8699
(123, 118): 0.8696
(123, 119): 0.8693
(123, 120): 0.8690
(123, 121): 0.8687
(123, 122): 0.8684
(123, 123): 0.8681
(123, 124): 0.8679
(123, 125): 0.8677
(123, 126): 0.8680
(123, 127): 0.8682
(123, 128): 0.8685
(123, 129): 0.8688
(123, 130): 0.8690
(123, 131): 0.8693
(123, 132): 0.8696
(123, 133): 0.8698
(123, 134): 0.8701
(123, 135): 0.8703
(123, 136): 0.8706
(123, 137): 0.8709
(123, 138): 0.8711
(123, 139): 0.8714
(123, 140): 0.8717
(123, 141): 0.8719
(123, 142): 0.8721
(123, 143): 0.8722
(123, 144): 0.8723
(123, 145): 0.8724
(123, 146): 0.8725
(123, 147): 0.8726
(123, 148): 0.8727
(123, 149): 0.8728
(123, 150): 0.8731
(123, 151): 0.8751
(123, 152): 0.8771
(123, 153): 0.8791
(123, 154): 0.8817
(123, 155): 0.8873
(124, 98): 0.8877
(124, 99): 0.8845
(124, 100): 0.8821
(124, 101): 0.8798
(124, 102): 0.8781
(124, 103): 0.8774
(124, 104): 0.8768
(124, 105): 0.8761
(124, 106): 0.8755
(124, 107): 0.8749
(124, 108): 0.8742
(124, 109): 0.8736
(124, 110): 0.8729
(124, 111): 0.8723
(124, 112): 0.8716
(124, 113): 0.8713
(124, 114): 0.8710
(124, 115): 0.8707
(124, 116): 0.8705
(124, 117): 0.8702
(124, 118): 0.8699
(124, 119): 0.8696
(124, 120): 0.8693
(124, 121): 0.8690
(124, 122): 0.8687
(124, 123): 0.8685
(124, 124): 0.8682
(124, 125): 0.8682
(124, 126): 0.8685
(124, 127): 0.8688
(124, 128): 0.8690
(124, 129): 0.8693
(124, 130): 0.8696
(124, 131): 0.8698
(124, 132): 0.8701
(124, 133): 0.8704
(124, 134): 0.8706
(124, 135): 0.8709
(124, 136): 0.8711
(124, 137): 0.8714
(124, 138): 0.8717
(124, 139): 0.8719
(124, 140): 0.8722
(124, 141): 0.8725
(124, 142): 0.8727
(124, 143): 0.7840
(124, 144): 0.8730
(124, 145): 0.8731
(124, 146): 0.8732
(124, 147): 0.8733
(124, 148): 0.8734
(124, 149): 0.8735
(124, 150): 0.8739
(124, 151): 0.8759
(124, 152): 0.8779
(124, 153): 0.8800
(124, 154): 0.8843
(125, 98): 0.8878
(125, 99): 0.8845
(125, 100): 0.8821
(125, 101): 0.8798
(125, 102): 0.8785
(125, 103): 0.8778
(125, 104): 0.8772
(125, 105): 0.8765
(125, 106): 0.8759
(125, 107): 0.8753
(125, 108): 0.8746
(125, 109): 0.8740
(125, 110): 0.8733
(125, 111): 0.8727
(125, 112): 0.8720
(125, 113): 0.8716
(125, 114): 0.8713
(125, 115): 0.8710
(125, 116): 0.8708
(125, 117): 0.8705
(125, 118): 0.8702
(125, 119): 0.8699
(125, 120): 0.8696
(125, 121): 0.8693
(125, 122): 0.8690
(125, 123): 0.8688
(125, 124): 0.8685
(125, 125): 0.8688
(125, 126): 0.8690
(125, 127): 0.8693
(125, 128): 0.8696
(125, 129): 0.8698
(125, 130): 0.8701
(125, 131): 0.8704
(125, 132): 0.8706
(125, 133): 0.8709
(125, 134): 0.8712
(125, 135): 0.8714
(125, 136): 0.8717
(125, 137): 0.8720
(125, 138): 0.7798
(125, 139): 0.7804
(125, 140): 0.7810
(125, 141): 0.7817
(125, 142): 0.7823
(125, 143): 0.7829
(125, 144): 0.8737
(125, 145): 0.8738
(125, 146): 0.8739
(125, 147): 0.8740
(125, 148): 0.8741
(125, 149): 0.8742
(125, 150): 0.8747
(125, 151): 0.8768
(125, 152): 0.8788
(125, 153): 0.8813
(125, 154): 0.8869
(126, 98): 0.8878
(126, 99): 0.8845
(126, 100): 0.8821
(126, 101): 0.8798
(126, 102): 0.8789
(126, 103): 0.8782
(126, 104): 0.8776
(126, 105): 0.8770
(126, 106): 0.8763
(126, 107): 0.8757
(126, 108): 0.8750
(126, 109): 0.8744
(126, 110): 0.8737
(126, 111): 0.8731
(126, 112): 0.8725
(126, 113): 0.8719
(126, 114): 0.8716
(126, 115): 0.8714
(126, 116): 0.8711
(126, 117): 0.8708
(126, 118): 0.8705
(126, 119): 0.8702
(126, 120): 0.8699
(126, 121): 0.8696
(126, 122): 0.8694
(126, 123): 0.8691
(126, 124): 0.8690
(126, 125): 0.8693
(126, 126): 0.8696
(126, 127): 0.8698
(126, 128): 0.8701
(126, 129): 0.8704
(126, 130): 0.8706
(126, 131): 0.8709
(126, 132): 0.8712
(126, 133): 0.7854
(126, 134): 0.7840
(126, 135): 0.7827
(126, 136): 0.7814
(126, 137): 0.7800
(126, 138): 0.7795
(126, 139): 0.7793
(126, 140): 0.7799
(126, 141): 0.7805
(126, 142): 0.7812
(126, 143): 0.7818
(126, 144): 0.8743
(126, 145): 0.8744
(126, 146): 0.8745
(126, 147): 0.8746
(126, 148): 0.8747
(126, 149): 0.8748
(126, 150): 0.8756
(126, 151): 0.8776
(126, 152): 0.8796
(126, 153): 0.8839
(126, 154): 0.8895
(127, 98): 0.8879
(127, 99): 0.8845
(127, 100): 0.8822
(127, 101): 0.8799
(127, 102): 0.8793
(127, 103): 0.8786
(127, 104): 0.8780
(127, 105): 0.8774
(127, 106): 0.8767
(127, 107): 0.8761
(127, 108): 0.8754
(127, 109): 0.8748
(127, 110): 0.8741
(127, 111): 0.8735
(127, 112): 0.8729
(127, 113): 0.8722
(127, 114): 0.8720
(127, 115): 0.8717
(127, 116): 0.8714
(127, 117): 0.8711
(127, 118): 0.8708
(127, 119): 0.8705
(127, 120): 0.8702
(127, 121): 0.8699
(127, 122): 0.8697
(127, 123): 0.8694
(127, 124): 0.8696
(127, 125): 0.8698
(127, 126): 0.8701
(127, 127): 0.8704
(127, 128): 0.8706
(127, 129): 0.8709
(127, 130): 0.7897
(127, 131): 0.7884
(127, 132): 0.7870
(127, 133): 0.7857
(127, 134): 0.7844
(127, 135): 0.7830
(127, 136): 0.7817
(127, 137): 0.7805
(127, 138): 0.7799
(127, 139): 0.7794
(127, 140): 0.7789
(127, 141): 0.7794
(127, 142): 0.7800
(127, 143): 0.7806
(127, 144): 0.8749
(127, 145): 0.8751
(127, 146): 0.8752
(127, 147): 0.8753
(127, 148): 0.8754
(127, 149): 0.8755
(127, 150): 0.8764
(127, 151): 0.8784
(127, 152): 0.8810
(127, 153): 0.8866
(128, 98): 0.8880
(128, 99): 0.8845
(128, 100): 0.8822
(128, 101): 0.8803
(128, 102): 0.8797
(128, 103): 0.8791
(128, 104): 0.8784
(128, 105): 0.8778
(128, 106): 0.8771
(128, 107): 0.8765
(128, 108): 0.8758
(128, 109): 0.8752
(128, 110): 0.8746
(128, 111): 0.8739
(128, 112): 0.8733
(128, 113): 0.8726
(128, 114): 0.8723
(128, 115): 0.8720
(128, 116): 0.8717
(128, 117): 0.8714
(128, 118): 0.8711
(128, 119): 0.8708
(128, 120): 0.8705
(128, 121): 0.8703
(128, 122): 0.8700
(128, 123): 0.8699
(128, 124): 0.8701
(128, 125): 0.8704
(128, 126): 0.8706
(128, 127): 0.8709
(128, 128): 0.7881
(128, 129): 0.7887
(128, 130): 0.7894
(128, 131): 0.7887
(128, 132): 0.7874
(128, 133): 0.7860
(128, 134): 0.7847
(128, 135): 0.7834
(128, 136): 0.7821
(128, 137): 0.7809
(128, 138): 0.7804
(128, 139): 0.7799
(128, 140): 0.7794
(128, 141): 0.7789
(128, 142): 0.7789
(128, 143): 0.7795
(128, 144): 0.8754
(128, 145): 0.8757
(128, 146): 0.8759
(128, 147): 0.8760
(128, 148): 0.8761
(128, 149): 0.8762
(128, 150): 0.8772
(128, 151): 0.8792
(128, 152): 0.8836
(128, 153): 0.8892
(128, 154): 0.8912
(129, 97): 0.8937
(129, 98): 0.8881
(129, 99): 0.8845
(129, 100): 0.8822
(129, 101): 0.8808
(129, 102): 0.8801
(129, 103): 0.8795
(129, 104): 0.8788
(129, 105): 0.8782
(129, 106): 0.8775
(129, 107): 0.8769
(129, 108): 0.8762
(129, 109): 0.8756
(129, 110): 0.8750
(129, 111): 0.8743
(129, 112): 0.8737
(129, 113): 0.8730
(129, 114): 0.8726
(129, 115): 0.8723
(129, 116): 0.8720
(129, 117): 0.8717
(129, 118): 0.8714
(129, 119): 0.8711
(129, 120): 0.8708
(129, 121): 0.8706
(129, 122): 0.8703
(129, 123): 0.8704
(129, 124): 0.8707
(129, 125): 0.8709
(129, 126): 0.8712
(129, 127): 0.7862
(129, 128): 0.7869
(129, 129): 0.7875
(129, 130): 0.7882
(129, 131): 0.7888
(129, 132): 0.7877
(129, 133): 0.7864
(129, 134): 0.7851
(129, 135): 0.7837
(129, 136): 0.7824
(129, 137): 0.7814
(129, 138): 0.7809
(129, 139): 0.7804
(129, 140): 0.7799
(129, 141): 0.7793
(129, 142): 0.7788
(129, 143): 0.7784
(129, 144): 0.8760
(129, 145): 0.8762
(129, 146): 0.8765
(129, 147): 0.8767
(129, 148): 0.8768
(129, 149): 0.8769
(129, 150): 0.8780
(129, 151): 0.8806
(129, 152): 0.8862
(129, 153): 0.8886
(129, 154): 0.8903
(130, 98): 0.8882
(130, 99): 0.8846
(130, 100): 0.8822
(130, 101): 0.8812
(130, 102): 0.8805
(130, 103): 0.8799
(130, 104): 0.8792
(130, 105): 0.8786
(130, 106): 0.8779
(130, 107): 0.8773
(130, 108): 0.8767
(130, 109): 0.8760
(130, 110): 0.8754
(130, 111): 0.8747
(130, 112): 0.8741
(130, 113): 0.8734
(130, 114): 0.8729
(130, 115): 0.8726
(130, 116): 0.8723
(130, 117): 0.8720
(130, 118): 0.8717
(130, 119): 0.8714
(130, 120): 0.8712
(130, 121): 0.8709
(130, 122): 0.8707
(130, 123): 0.8709
(130, 124): 0.8712
(130, 125): 0.7838
(130, 126): 0.7844
(130, 127): 0.7850
(130, 128): 0.7857
(130, 129): 0.7863
(130, 130): 0.7870
(130, 131): 0.7876
(130, 132): 0.7881
(130, 133): 0.7867
(130, 134): 0.7854
(130, 135): 0.7841
(130, 136): 0.7827
(130, 137): 0.7819
(130, 138): 0.7814
(130, 139): 0.7809
(130, 140): 0.7803
(130, 141): 0.7798
(130, 142): 0.7793
(130, 143): 0.8762
(130, 144): 0.8765
(130, 145): 0.8768
(130, 146): 0.8770
(130, 147): 0.8773
(130, 148): 0.8774
(130, 149): 0.8775
(130, 150): 0.8789
(130, 151): 0.8832
(130, 152): 0.8860
(130, 153): 0.8877
(130, 154): 0.8894
(131, 98): 0.8882
(131, 99): 0.8846
(131, 100): 0.8822
(131, 101): 0.8816
(131, 102): 0.8809
(131, 103): 0.8803
(131, 104): 0.8796
(131, 105): 0.8790
(131, 106): 0.8784
(131, 107): 0.8777
(131, 108): 0.8771
(131, 109): 0.8764
(131, 110): 0.8758
(131, 111): 0.8751
(131, 112): 0.8745
(131, 113): 0.8739
(131, 114): 0.8732
(131, 115): 0.8729
(131, 116): 0.8726
(131, 117): 0.8723
(131, 118): 0.8720
(131, 119): 0.8717
(131, 120): 0.8715
(131, 121): 0.8712
(131, 122): 0.8712
(131, 123): 0.8715
(131, 124): 0.7819
(131, 125): 0.7826
(131, 126): 0.7832
(131, 127): 0.7838
(131, 128): 0.7845
(131, 129): 0.7851
(131, 130): 0.7858
(131, 131): 0.7864
(131, 132): 0.7870
(131, 133): 0.7871
(131, 134): 0.7857
(131, 135): 0.7844
(131, 136): 0.7831
(131, 137): 0.7824
(131, 138): 0.7552
(131, 139): 0.7560
(131, 140): 0.7568
(131, 141): 0.7577
(131, 142): 0.7590
(131, 143): 0.8768
(131, 144): 0.8770
(131, 145): 0.8773
(131, 146): 0.8776
(131, 147): 0.8778
(131, 148): 0.8781
(131, 149): 0.8782
(131, 150): 0.8803
(131, 151): 0.8834
(131, 152): 0.8851
(131, 153): 0.8868
(131, 154): 0.8885
(131, 155): 0.8902
(131, 156): 0.8930
(131, 157): 0.8930
(131, 158): 0.8929
(131, 159): 0.8929
(131, 160): 0.8928
(132, 98): 0.8883
(132, 99): 0.8846
(132, 100): 0.8826
(132, 101): 0.8820
(132, 102): 0.8813
(132, 103): 0.8807
(132, 104): 0.8800
(132, 105): 0.8794
(132, 106): 0.8788
(132, 107): 0.8781
(132, 108): 0.8775
(132, 109): 0.8768
(132, 110): 0.8762
(132, 111): 0.8755
(132, 112): 0.8749
(132, 113): 0.8743
(132, 114): 0.8736
(132, 115): 0.8732
(132, 116): 0.8729
(132, 117): 0.8726
(132, 118): 0.8723
(132, 119): 0.8721
(132, 120): 0.8718
(132, 121): 0.8715
(132, 122): 0.8717
(132, 123): 0.7801
(132, 124): 0.7807
(132, 125): 0.7814
(132, 126): 0.7820
(132, 127): 0.7429
(132, 128): 0.7437
(132, 129): 0.7446
(132, 130): 0.7454
(132, 131): 0.7462
(132, 132): 0.7470
(132, 133): 0.7479
(132, 134): 0.7487
(132, 135): 0.7495
(132, 136): 0.7503
(132, 137): 0.7512
(132, 138): 0.7523
(132, 139): 0.7536
(132, 140): 0.7548
(132, 141): 0.7561
(132, 142): 0.7573
(132, 143): 0.8773
(132, 144): 0.8776
(132, 145): 0.8778
(132, 146): 0.8781
(132, 147): 0.8784
(132, 148): 0.8786
(132, 149): 0.8789
(132, 150): 0.8808
(132, 151): 0.8825
(132, 152): 0.8842
(132, 153): 0.8859
(132, 154): 0.8876
(132, 155): 0.8893
(132, 156): 0.8930
(132, 157): 0.8930
(132, 158): 0.8930
(132, 159): 0.8929
(133, 98): 0.8884
(133, 99): 0.8846
(133, 100): 0.8830
(133, 101): 0.8318
(133, 102): 0.8297
(133, 103): 0.8811
(133, 104): 0.8805
(133, 105): 0.8798
(133, 106): 0.8792
(133, 107): 0.8785
(133, 108): 0.8779
(133, 109): 0.8772
(133, 110): 0.8766
(133, 111): 0.8760
(133, 112): 0.8753
(133, 113): 0.8747
(133, 114): 0.8740
(133, 115): 0.8735
(133, 116): 0.8732
(133, 117): 0.7315
(133, 118): 0.7323
(133, 119): 0.7331
(133, 120): 0.7340
(133, 121): 0.7348
(133, 122): 0.7356
(133, 123): 0.7364
(133, 124): 0.7373
(133, 125): 0.7381
(133, 126): 0.7389
(133, 127): 0.7398
(133, 128): 0.7406
(133, 129): 0.7414
(133, 130): 0.7422
(133, 131): 0.7431
(133, 132): 0.7439
(133, 133): 0.7447
(133, 134): 0.7456
(133, 135): 0.7469
(133, 136): 0.7481
(133, 137): 0.7494
(133, 138): 0.7506
(133, 139): 0.7519
(133, 140): 0.7531
(133, 141): 0.7544
(133, 142): 0.7556
(133, 143): 0.8778
(133, 144): 0.8781
(133, 145): 0.8784
(133, 146): 0.8786
(133, 147): 0.8789
(133, 148): 0.8789
(133, 149): 0.8790
(133, 150): 0.8799
(133, 151): 0.8816
(133, 152): 0.8834
(133, 153): 0.8851
(133, 154): 0.8868
(133, 155): 0.8885
(133, 156): 0.8931
(133, 157): 0.8930
(133, 158): 0.8930
(134, 98): 0.8885
(134, 99): 0.8846
(134, 100): 0.8834
(134, 101): 0.8302
(134, 102): 0.8281
(134, 103): 0.8261
(134, 104): 0.8761
(134, 105): 0.8783
(134, 106): 0.8796
(134, 107): 0.8789
(134, 108): 0.8783
(134, 109): 0.8776
(134, 110): 0.8770
(134, 111): 0.8764
(134, 112): 0.8757
(134, 113): 0.8751
(134, 114): 0.8744
(134, 115): 0.8738
(134, 116): 0.7314
(134, 117): 0.7308
(134, 118): 0.7301
(134, 119): 0.7300
(134, 120): 0.7308
(134, 121): 0.7316
(134, 122): 0.7325
(134, 123): 0.7333
(134, 124): 0.7341
(134, 125): 0.7349
(134, 126): 0.7358
(134, 127): 0.7366
(134, 128): 0.7374
(134, 129): 0.7382
(134, 130): 0.7391
(134, 131): 0.7402
(134, 132): 0.7414
(134, 133): 0.7427
(134, 134): 0.7439
(134, 135): 0.7452
(134, 136): 0.7464
(134, 137): 0.7477
(134, 138): 0.7489
(134, 139): 0.7502
(134, 140): 0.7514
(134, 141): 0.7527
(134, 142): 0.7539
(134, 143): 0.8784
(134, 144): 0.8785
(134, 145): 0.8786
(134, 146): 0.8786
(134, 147): 0.8787
(134, 148): 0.8787
(134, 149): 0.8788
(134, 150): 0.8791
(134, 151): 0.8808
(134, 152): 0.8825
(134, 153): 0.8842
(134, 154): 0.8859
(134, 155): 0.8932
(134, 156): 0.8931
(134, 157): 0.8931
(135, 99): 0.8846
(135, 100): 0.8306
(135, 101): 0.8285
(135, 102): 0.8265
(135, 103): 0.8244
(135, 104): 0.8224
(135, 105): 0.8203
(135, 106): 0.8714
(135, 107): 0.8736
(135, 108): 0.8764
(135, 109): 0.8781
(135, 110): 0.8774
(135, 111): 0.8768
(135, 112): 0.8761
(135, 113): 0.8755
(135, 114): 0.8748
(135, 115): 0.8742
(135, 116): 0.7315
(135, 117): 0.7309
(135, 118): 0.7302
(135, 119): 0.7296
(135, 120): 0.7289
(135, 121): 0.7285
(135, 122): 0.7293
(135, 123): 0.7301
(135, 124): 0.7310
(135, 125): 0.7318
(135, 126): 0.7326
(135, 127): 0.7335
(135, 128): 0.7347
(135, 129): 0.7360
(135, 130): 0.7372
(135, 131): 0.7385
(135, 132): 0.7397
(135, 133): 0.7410
(135, 134): 0.7422
(135, 135): 0.7435
(135, 136): 0.7448
(135, 137): 0.7460
(135, 138): 0.7473
(135, 139): 0.7485
(135, 140): 0.7498
(135, 141): 0.7510
(135, 142): 0.7523
(135, 143): 0.8782
(135, 144): 0.8783
(135, 145): 0.8784
(135, 146): 0.8784
(135, 147): 0.8785
(135, 148): 0.8785
(135, 149): 0.8786
(135, 150): 0.8786
(135, 151): 0.8800
(135, 152): 0.8817
(135, 153): 0.8834
(135, 154): 0.8932
(135, 155): 0.8932
(135, 156): 0.8931
(136, 99): 0.8310
(136, 100): 0.8289
(136, 101): 0.8269
(136, 102): 0.8248
(136, 103): 0.8228
(136, 104): 0.8207
(136, 105): 0.8187
(136, 106): 0.8166
(136, 107): 0.8648
(136, 108): 0.8668
(136, 109): 0.8688
(136, 110): 0.8716
(136, 111): 0.8744
(136, 112): 0.8765
(136, 113): 0.8759
(136, 114): 0.8753
(136, 115): 0.7323
(136, 116): 0.7316
(136, 117): 0.7310
(136, 118): 0.7303
(136, 119): 0.7297
(136, 120): 0.7290
(136, 121): 0.7284
(136, 122): 0.7277
(136, 123): 0.7271
(136, 124): 0.7281
(136, 125): 0.7293
(136, 126): 0.7306
(136, 127): 0.7318
(136, 128): 0.7331
(136, 129): 0.7343
(136, 130): 0.7356
(136, 131): 0.7368
(136, 132): 0.7381
(136, 133): 0.7393
(136, 134): 0.7406
(136, 135): 0.7418
(136, 136): 0.7431
(136, 137): 0.7443
(136, 138): 0.7456
(136, 139): 0.7468
(136, 140): 0.7481
(136, 141): 0.7493
(136, 142): 0.7506
(136, 143): 0.8781
(136, 144): 0.8781
(136, 145): 0.8782
(136, 146): 0.8782
(136, 147): 0.8783
(136, 148): 0.8783
(136, 149): 0.8784
(136, 150): 0.8784
(136, 151): 0.8791
(136, 152): 0.8808
(136, 153): 0.8825
(136, 154): 0.8933
(136, 155): 0.8932
(137, 99): 0.8293
(137, 100): 0.8273
(137, 101): 0.8252
(137, 102): 0.8232
(137, 103): 0.8211
(137, 104): 0.8191
(137, 105): 0.8170
(137, 106): 0.8150
(137, 107): 0.8129
(137, 108): 0.8203
(137, 109): 0.8601
(137, 110): 0.8621
(137, 111): 0.8641
(137, 112): 0.8668
(137, 113): 0.8697
(137, 114): 0.8725
(137, 115): 0.7324
(137, 116): 0.7318
(137, 117): 0.7311
(137, 118): 0.7304
(137, 119): 0.7298
(137, 120): 0.7291
(137, 121): 0.7285
(137, 122): 0.7279
(137, 123): 0.7275
(137, 124): 0.7284
(137, 125): 0.7290
(137, 126): 0.7296
(137, 127): 0.7302
(137, 128): 0.7314
(137, 129): 0.7326
(137, 130): 0.7339
(137, 131): 0.7351
(137, 132): 0.7364
(137, 133): 0.7376
(137, 134): 0.7389
(137, 135): 0.7401
(137, 136): 0.7414
(137, 137): 0.7426
(137, 138): 0.7439
(137, 139): 0.7451
(137, 140): 0.7464
(137, 141): 0.7476
(137, 142): 0.7489
(137, 143): 0.8779
(137, 144): 0.8779
(137, 145): 0.8780
(137, 146): 0.8780
(137, 147): 0.8781
(137, 148): 0.8781
(137, 149): 0.8782
(137, 150): 0.8782
(137, 151): 0.8783
(137, 152): 0.8787
(137, 153): 0.8933
(137, 154): 0.8933
(138, 98): 0.8297
(138, 99): 0.8277
(138, 100): 0.8256
(138, 101): 0.8236
(138, 102): 0.8215
(138, 103): 0.8195
(138, 104): 0.8174
(138, 105): 0.8154
(138, 106): 0.8133
(138, 107): 0.8113
(138, 108): 0.8092
(138, 109): 0.8072
(138, 110): 0.8535
(138, 111): 0.8555
(138, 112): 0.8575
(138, 113): 0.8595
(138, 114): 0.7332
(138, 115): 0.7325
(138, 116): 0.7319
(138, 117): 0.7312
(138, 118): 0.7306
(138, 119): 0.7299
(138, 120): 0.7293
(138, 121): 0.7288
(138, 122): 0.7284
(138, 123): 0.7283
(138, 124): 0.7292
(138, 125): 0.7299
(138, 126): 0.7305
(138, 127): 0.7311
(138, 128): 0.7317
(138, 129): 0.7323
(138, 130): 0.7329
(138, 131): 0.7335
(138, 132): 0.7347
(138, 133): 0.7359
(138, 134): 0.7372
(138, 135): 0.7384
(138, 136): 0.7397
(138, 137): 0.7409
(138, 138): 0.7422
(138, 139): 0.7435
(138, 140): 0.7447
(138, 141): 0.7460
(138, 142): 0.7472
(138, 143): 0.8777
(138, 144): 0.8777
(138, 145): 0.8778
(138, 146): 0.8778
(138, 147): 0.8779
(138, 148): 0.8779
(138, 149): 0.8780
(138, 150): 0.8781
(138, 151): 0.8781
(138, 152): 0.8781
(138, 153): 0.8774
(138, 154): 0.8768
(139, 97): 0.8301
(139, 98): 0.8281
(139, 99): 0.8260
(139, 100): 0.8240
(139, 101): 0.8219
(139, 102): 0.8199
(139, 103): 0.8178
(139, 104): 0.8158
(139, 105): 0.8137
(139, 106): 0.8117
(139, 107): 0.8096
(139, 108): 0.8076
(139, 109): 0.8055
(139, 110): 0.8033
(139, 111): 0.8007
(139, 112): 0.7980
(139, 113): 0.7652
(139, 114): 0.7333
(139, 115): 0.7326
(139, 116): 0.7320
(139, 117): 0.7313
(139, 118): 0.7307
(139, 119): 0.7301
(139, 120): 0.7297
(139, 121): 0.7293
(139, 122): 0.7289
(139, 123): 0.7291
(139, 124): 0.7300
(139, 125): 0.7309
(139, 126): 0.7315
(139, 127): 0.7321
(139, 128): 0.7327
(139, 129): 0.7333
(139, 130): 0.7339
(139, 131): 0.7345
(139, 132): 0.7351
(139, 133): 0.7357
(139, 134): 0.7363
(139, 135): 0.7369
(139, 136): 0.7380
(139, 137): 0.7393
(139, 138): 0.7405
(139, 139): 0.7418
(139, 140): 0.7430
(139, 141): 0.7443
(139, 142): 0.7455
(139, 143): 0.8775
(139, 144): 0.8775
(139, 145): 0.8776
(139, 146): 0.8776
(139, 147): 0.8777
(139, 148): 0.8777
(139, 149): 0.8778
(139, 150): 0.8779
(139, 151): 0.8780
(139, 152): 0.8776
(140, 97): 0.8285
(140, 98): 0.8265
(140, 99): 0.8244
(140, 100): 0.8224
(140, 101): 0.8203
(140, 102): 0.8183
(140, 103): 0.8162
(140, 104): 0.8141
(140, 105): 0.8121
(140, 106): 0.8100
(140, 107): 0.8080
(140, 108): 0.8056
(140, 109): 0.8031
(140, 110): 0.8005
(140, 111): 0.7627
(140, 112): 0.7633
(140, 113): 0.7340
(140, 114): 0.7334
(140, 115): 0.7327
(140, 116): 0.7321
(140, 117): 0.7314
(140, 118): 0.7310
(140, 119): 0.7306
(140, 120): 0.7302
(140, 121): 0.7298
(140, 122): 0.7294
(140, 123): 0.7299
(140, 124): 0.7308
(140, 125): 0.7317
(140, 126): 0.7325
(140, 127): 0.7331
(140, 128): 0.7337
(140, 129): 0.7343
(140, 130): 0.7349
(140, 131): 0.7355
(140, 132): 0.7361
(140, 133): 0.7367
(140, 134): 0.7373
(140, 135): 0.7379
(140, 136): 0.7385
(140, 137): 0.7391
(140, 138): 0.7397
(140, 139): 0.7403
(140, 140): 0.7413
(140, 141): 0.7426
(140, 142): 0.7438
(140, 143): 0.8778
(140, 144): 0.8780
(140, 145): 0.8781
(140, 146): 0.8783
(140, 147): 0.8784
(140, 148): 0.8786
(140, 149): 0.8787
(140, 150): 0.8784
(140, 151): 0.8785
(141, 96): 0.8289
(141, 97): 0.8269
(141, 98): 0.8248
(141, 99): 0.8228
(141, 100): 0.8207
(141, 101): 0.8187
(141, 102): 0.8166
(141, 103): 0.8146
(141, 104): 0.8125
(141, 105): 0.8104
(141, 106): 0.8079
(141, 107): 0.8054
(141, 108): 0.8030
(141, 109): 0.8004
(141, 110): 0.7978
(141, 111): 0.7571
(141, 112): 0.7565
(141, 113): 0.7341
(141, 114): 0.7335
(141, 115): 0.7328
(141, 116): 0.7323
(141, 117): 0.7319
(141, 118): 0.7315
(141, 119): 0.7311
(141, 120): 0.7307
(141, 121): 0.7303
(141, 122): 0.7299
(141, 123): 0.7307
(141, 124): 0.7316
(141, 125): 0.7325
(141, 126): 0.7334
(141, 127): 0.7340
(141, 128): 0.7346
(141, 129): 0.7352
(141, 130): 0.7358
(141, 131): 0.7364
(141, 132): 0.7370
(141, 133): 0.7376
(141, 134): 0.7382
(141, 135): 0.7388
(141, 136): 0.7394
(141, 137): 0.7400
(141, 138): 0.7406
(141, 139): 0.7412
(141, 140): 0.7418
(141, 141): 0.7424
(141, 142): 0.7430
(141, 143): 0.8788
(141, 144): 0.8789
(141, 145): 0.8791
(141, 146): 0.8792
(141, 147): 0.8794
(141, 148): 0.8792
(141, 149): 0.8791
(141, 150): 0.8795
(142, 95): 0.8293
(142, 96): 0.8273
(142, 97): 0.8252
(142, 98): 0.8232
(142, 99): 0.8211
(142, 100): 0.8191
(142, 101): 0.8170
(142, 102): 0.8150
(142, 103): 0.8127
(142, 104): 0.8102
(142, 105): 0.8077
(142, 106): 0.8053
(142, 107): 0.8028
(142, 108): 0.8002
(142, 109): 0.7976
(142, 110): 0.7950
(142, 111): 0.7503
(142, 112): 0.7349
(142, 113): 0.7342
(142, 114): 0.7336
(142, 115): 0.7332
(142, 116): 0.7328
(142, 117): 0.7324
(142, 118): 0.7320
(142, 119): 0.7316
(142, 120): 0.7312
(142, 121): 0.7308
(142, 122): 0.7306
(142, 123): 0.7315
(142, 124): 0.7324
(142, 125): 0.7333
(142, 126): 0.7342
(142, 127): 0.7350
(142, 128): 0.7356
(142, 129): 0.7362
(142, 130): 0.7368
(142, 131): 0.7374
(142, 132): 0.7380
(142, 133): 0.7386
(142, 134): 0.7392
(142, 135): 0.7398
(142, 136): 0.7404
(142, 137): 0.7410
(142, 138): 0.7416
(142, 139): 0.7422
(142, 140): 0.7428
(142, 141): 0.7434
(142, 142): 0.8796
(142, 143): 0.8797
(142, 144): 0.8799
(142, 145): 0.8800
(142, 146): 0.8800
(142, 147): 0.8797
(142, 148): 0.8801
(142, 149): 0.8805
(143, 95): 0.8277
(143, 96): 0.8256
(143, 97): 0.8236
(143, 98): 0.8215
(143, 99): 0.8195
(143, 100): 0.8174
(143, 101): 0.8150
(143, 102): 0.8125
(143, 103): 0.8101
(143, 104): 0.8076
(143, 105): 0.8051
(143, 106): 0.8026
(143, 107): 0.8001
(143, 108): 0.7975
(143, 109): 0.7949
(143, 110): 0.7622
(143, 111): 0.7435
(143, 112): 0.7350
(143, 113): 0.7345
(143, 114): 0.7341
(143, 115): 0.7337
(143, 116): 0.7333
(143, 117): 0.7329
(143, 118): 0.7325
(143, 119): 0.7321
(143, 120): 0.7317
(143, 121): 0.7313
(143, 122): 0.7314
(143, 123): 0.7323
(143, 124): 0.7332
(143, 125): 0.7341
(143, 126): 0.7350
(143, 127): 0.7359
(143, 128): 0.7366
(143, 129): 0.7372
(143, 130): 0.7378
(143, 131): 0.7384
(143, 132): 0.7390
(143, 133): 0.7396
(143, 134): 0.7402
(143, 135): 0.7408
(143, 136): 0.7414
(143, 137): 0.7420
(143, 138): 0.7426
(143, 139): 0.7432
(143, 140): 0.7438
(143, 141): 0.7444
(143, 142): 0.8806
(143, 143): 0.8807
(143, 144): 0.8808
(143, 145): 0.8802
(143, 146): 0.8807
(143, 147): 0.8811
(143, 148): 0.8815
(144, 94): 0.8281
(144, 95): 0.8260
(144, 96): 0.8240
(144, 97): 0.8219
(144, 98): 0.8198
(144, 99): 0.8173
(144, 100): 0.8148
(144, 101): 0.8124
(144, 102): 0.8099
(144, 103): 0.8074
(144, 104): 0.8049
(144, 105): 0.8025
(144, 106): 0.8000
(144, 107): 0.7974
(144, 108): 0.7947
(144, 109): 0.7916
(144, 110): 0.7573
(144, 111): 0.7358
(144, 112): 0.7354
(144, 113): 0.7350
(144, 114): 0.7346
(144, 115): 0.7342
(144, 116): 0.7338
(144, 117): 0.7334
(144, 118): 0.7330
(144, 119): 0.7326
(144, 120): 0.7322
(144, 121): 0.7318
(144, 122): 0.7322
(144, 123): 0.7331
(144, 124): 0.7340
(144, 125): 0.7349
(144, 126): 0.7358
(144, 127): 0.7367
(144, 128): 0.7375
(144, 129): 0.7381
(144, 130): 0.7387
(144, 131): 0.7393
(144, 132): 0.7399
(144, 133): 0.7405
(144, 134): 0.7411
(144, 135): 0.7417
(144, 136): 0.7423
(144, 137): 0.7429
(144, 138): 0.7435
(144, 139): 0.7441
(144, 140): 0.7447
(144, 141): 0.8814
(144, 142): 0.8815
(144, 143): 0.8810
(144, 144): 0.8813
(144, 145): 0.8817
(144, 146): 0.8821
(144, 147): 0.8825
(145, 93): 0.8285
(145, 94): 0.8264
(145, 95): 0.8244
(145, 96): 0.8221
(145, 97): 0.8196
(145, 98): 0.8172
(145, 99): 0.8147
(145, 100): 0.8122
(145, 101): 0.8097
(145, 102): 0.8073
(145, 103): 0.8048
(145, 104): 0.8023
(145, 105): 0.7998
(145, 106): 0.7972
(145, 107): 0.7944
(145, 108): 0.7911
(145, 109): 0.7878
(145, 110): 0.7525
(145, 111): 0.7395
(145, 112): 0.7359
(145, 113): 0.7355
(145, 114): 0.7351
(145, 115): 0.7347
(145, 116): 0.7343
(145, 117): 0.7339
(145, 118): 0.7335
(145, 119): 0.7331
(145, 120): 0.7327
(145, 121): 0.7323
(145, 122): 0.7330
(145, 123): 0.7339
(145, 124): 0.7348
(145, 125): 0.7357
(145, 126): 0.7366
(145, 127): 0.7375
(145, 128): 0.7384
(145, 129): 0.7391
(145, 130): 0.7397
(145, 131): 0.7403
(145, 132): 0.7409
(145, 133): 0.7415
(145, 134): 0.7421
(145, 135): 0.7427
(145, 136): 0.7433
(145, 137): 0.7439
(145, 138): 0.7445
(145, 139): 0.7451
(145, 140): 0.8822
(145, 141): 0.8818
(145, 142): 0.8819
(145, 143): 0.8823
(145, 144): 0.8827
(145, 145): 0.8831
(145, 146): 0.8835
(145, 147): 0.8964
(146, 93): 0.8269
(146, 94): 0.8244
(146, 95): 0.8219
(146, 96): 0.8195
(146, 97): 0.8170
(146, 98): 0.8145
(146, 99): 0.8120
(146, 100): 0.8096
(146, 101): 0.8071
(146, 102): 0.8046
(146, 103): 0.8021
(146, 104): 0.7997
(146, 105): 0.7971
(146, 106): 0.7939
(146, 107): 0.7906
(146, 108): 0.7873
(146, 109): 0.7748
(146, 110): 0.7551
(146, 111): 0.7460
(146, 112): 0.7369
(146, 113): 0.7360
(146, 114): 0.7356
(146, 115): 0.7352
(146, 116): 0.7348
(146, 117): 0.7344
(146, 118): 0.7340
(146, 119): 0.7336
(146, 120): 0.7332
(146, 121): 0.7329
(146, 122): 0.7338
(146, 123): 0.7347
(146, 124): 0.7356
(146, 125): 0.7365
(146, 126): 0.7374
(146, 127): 0.7383
(146, 128): 0.7392
(146, 129): 0.7400
(146, 130): 0.7406
(146, 131): 0.7412
(146, 132): 0.7418
(146, 133): 0.7424
(146, 134): 0.7430
(146, 135): 0.7436
(146, 136): 0.7442
(146, 137): 0.7448
(146, 138): 0.7454
(146, 139): 0.7461
(146, 140): 0.8825
(146, 141): 0.8829
(146, 142): 0.8833
(146, 143): 0.8837
(146, 144): 0.8841
(146, 145): 0.8934
(146, 146): 0.8945
(146, 147): 0.8956
(146, 148): 0.8991
(147, 93): 0.8259
(147, 94): 0.8230
(147, 95): 0.8201
(147, 96): 0.8173
(147, 97): 0.8144
(147, 98): 0.8119
(147, 99): 0.8094
(147, 100): 0.8069
(147, 101): 0.8045
(147, 102): 0.8020
(147, 103): 0.7995
(147, 104): 0.7967
(147, 105): 0.7934
(147, 106): 0.7901
(147, 107): 0.7868
(147, 108): 0.7834
(147, 109): 0.7708
(147, 110): 0.7617
(147, 111): 0.7525
(147, 112): 0.7434
(147, 113): 0.7364
(147, 114): 0.7360
(147, 115): 0.7356
(147, 116): 0.7352
(147, 117): 0.7349
(147, 118): 0.7345
(147, 119): 0.7341
(147, 120): 0.7337
(147, 121): 0.7337
(147, 122): 0.7346
(147, 123): 0.7355
(147, 124): 0.7364
(147, 125): 0.7373
(147, 126): 0.7382
(147, 127): 0.7391
(147, 128): 0.7400
(147, 129): 0.7409
(147, 130): 0.7416
(147, 131): 0.7422
(147, 132): 0.7428
(147, 133): 0.7434
(147, 134): 0.7440
(147, 135): 0.7446
(147, 136): 0.7452
(147, 137): 0.7458
(147, 138): 0.7464
(147, 139): 0.8835
(147, 140): 0.8839
(147, 141): 0.8843
(147, 142): 0.8847
(147, 143): 0.8852
(147, 144): 0.8915
(147, 145): 0.8925
(147, 146): 0.8936
(147, 147): 0.8947
(147, 148): 0.8958
(148, 93): 0.8281
(148, 94): 0.8253
(148, 95): 0.8224
(148, 96): 0.8195
(148, 97): 0.8166
(148, 98): 0.8137
(148, 99): 0.8109
(148, 100): 0.8080
(148, 101): 0.8051
(148, 102): 0.8022
(148, 103): 0.7993
(148, 104): 0.7962
(148, 105): 0.7927
(148, 106): 0.7892
(148, 107): 0.7857
(148, 108): 0.7822
(148, 109): 0.7774
(148, 110): 0.7682
(148, 111): 0.7591
(148, 112): 0.7500
(148, 113): 0.7408
(148, 114): 0.7365
(148, 115): 0.7361
(148, 116): 0.7357
(148, 117): 0.7353
(148, 118): 0.7349
(148, 119): 0.7345
(148, 120): 0.7341
(148, 121): 0.7345
(148, 122): 0.7354
(148, 123): 0.7363
(148, 124): 0.7372
(148, 125): 0.7381
(148, 126): 0.7390
(148, 127): 0.7399
(148, 128): 0.7408
(148, 129): 0.7417
(148, 130): 0.7426
(148, 131): 0.7432
(148, 132): 0.7438
(148, 133): 0.7444
(148, 134): 0.7450
(148, 135): 0.7456
(148, 136): 0.7462
(148, 137): 0.7468
(148, 138): 0.8845
(148, 139): 0.8849
(148, 140): 0.8853
(148, 141): 0.8858
(148, 142): 0.8862
(148, 143): 0.8895
(148, 144): 0.8906
(148, 145): 0.8917
(148, 146): 0.8927
(148, 147): 0.8938
(148, 148): 0.8949
(149, 94): 0.8274
(149, 95): 0.8246
(149, 96): 0.8218
(149, 97): 0.8189
(149, 98): 0.8160
(149, 99): 0.8131
(149, 100): 0.8102
(149, 101): 0.8073
(149, 102): 0.8045
(149, 103): 0.8016
(149, 104): 0.7987
(149, 105): 0.7957
(149, 106): 0.7923
(149, 107): 0.7887
(149, 108): 0.7852
(149, 109): 0.7817
(149, 110): 0.7770
(149, 111): 0.7656
(149, 112): 0.7565
(149, 113): 0.7474
(149, 114): 0.7382
(149, 115): 0.7366
(149, 116): 0.7362
(149, 117): 0.7358
(149, 118): 0.7354
(149, 119): 0.7350
(149, 120): 0.7346
(149, 121): 0.7353
(149, 122): 0.7362
(149, 123): 0.7371
(149, 124): 0.7380
(149, 125): 0.7389
(149, 126): 0.7398
(149, 127): 0.7407
(149, 128): 0.7416
(149, 129): 0.7425
(149, 130): 0.7434
(149, 131): 0.7441
(149, 132): 0.7447
(149, 133): 0.7453
(149, 134): 0.7459
(149, 135): 0.7465
(149, 136): 0.7471
(149, 137): 0.7477
(149, 138): 0.8850
(149, 139): 0.8857
(149, 140): 0.8863
(149, 141): 0.8869
(149, 142): 0.8878
(149, 143): 0.8890
(149, 144): 0.8901
(149, 145): 0.8913
(149, 146): 0.8925
(149, 147): 0.8937
(149, 148): 0.9005
(150, 95): 0.8268
(150, 96): 0.8239
(150, 97): 0.8211
(150, 98): 0.8182
(150, 99): 0.8154
(150, 100): 0.8125
(150, 101): 0.8096
(150, 102): 0.8067
(150, 103): 0.8038
(150, 104): 0.8009
(150, 105): 0.7980
(150, 106): 0.7950
(150, 107): 0.7918
(150, 108): 0.7883
(150, 109): 0.7848
(150, 110): 0.7813
(150, 111): 0.7766
(150, 112): 0.7630
(150, 113): 0.7539
(150, 114): 0.7448
(150, 115): 0.7371
(150, 116): 0.7367
(150, 117): 0.7363
(150, 118): 0.7359
(150, 119): 0.7355
(150, 120): 0.7352
(150, 121): 0.7361
(150, 122): 0.7370
(150, 123): 0.7379
(150, 124): 0.7388
(150, 125): 0.7397
(150, 126): 0.7406
(150, 127): 0.7415
(150, 128): 0.7424
(150, 129): 0.7433
(150, 130): 0.7442
(150, 131): 0.7451
(150, 132): 0.7457
(150, 133): 0.7463
(150, 134): 0.7469
(150, 135): 0.7475
(150, 136): 0.7481
(150, 137): 0.8841
(150, 138): 0.8848
(150, 139): 0.8854
(150, 140): 0.8875
(150, 141): 0.8880
(150, 142): 0.8886
(150, 143): 0.8892
(150, 144): 0.8904
(150, 145): 0.8916
(150, 146): 0.8928
(150, 147): 0.8940
(151, 95): 0.8290
(151, 96): 0.8261
(151, 97): 0.8233
(151, 98): 0.8204
(151, 99): 0.8176
(151, 100): 0.8147
(151, 101): 0.8118
(151, 102): 0.8090
(151, 103): 0.8061
(151, 104): 0.8032
(151, 105): 0.8003
(151, 106): 0.7973
(151, 107): 0.7943
(151, 108): 0.7913
(151, 109): 0.7879
(151, 110): 0.7844
(151, 111): 0.7809
(151, 112): 0.7762
(151, 113): 0.7605
(151, 114): 0.7513
(151, 115): 0.7422
(151, 116): 0.7372
(151, 117): 0.7368
(151, 118): 0.7364
(151, 119): 0.7360
(151, 120): 0.7360
(151, 121): 0.7369
(151, 122): 0.7378
(151, 123): 0.7387
(151, 124): 0.7396
(151, 125): 0.7405
(151, 126): 0.7414
(151, 127): 0.7423
(151, 128): 0.7432
(151, 129): 0.7441
(151, 130): 0.7450
(151, 131): 0.7459
(151, 132): 0.7467
(151, 133): 0.7473
(151, 134): 0.7479
(151, 135): 0.7485
(151, 136): 0.8832
(151, 137): 0.8839
(151, 138): 0.8860
(151, 139): 0.8879
(151, 140): 0.8884
(151, 141): 0.8889
(151, 142): 0.8895
(151, 143): 0.8901
(151, 144): 0.8907
(151, 145): 0.8918
(151, 146): 0.8930
(152, 96): 0.8283
(152, 97): 0.8255
(152, 98): 0.8226
(152, 99): 0.8198
(152, 100): 0.8169
(152, 101): 0.8141
(152, 102): 0.8112
(152, 103): 0.8083
(152, 104): 0.8054
(152, 105): 0.8026
(152, 106): 0.7997
(152, 107): 0.7966
(152, 108): 0.7936
(152, 109): 0.7906
(152, 110): 0.7874
(152, 111): 0.7839
(152, 112): 0.7804
(152, 113): 0.7758
(152, 114): 0.7590
(152, 115): 0.7487
(152, 116): 0.7396
(152, 117): 0.7373
(152, 118): 0.7369
(152, 119): 0.7365
(152, 120): 0.7368
(152, 121): 0.7377
(152, 122): 0.7386
(152, 123): 0.7395
(152, 124): 0.7404
(152, 125): 0.7413
(152, 126): 0.7422
(152, 127): 0.7431
(152, 128): 0.7440
(152, 129): 0.7449
(152, 130): 0.7458
(152, 131): 0.7467
(152, 132): 0.7476
(152, 133): 0.7482
(152, 134): 0.7488
(152, 135): 0.7494
(152, 136): 0.8844
(152, 137): 0.8876
(152, 138): 0.8883
(152, 139): 0.8888
(152, 140): 0.8893
(152, 141): 0.8899
(152, 142): 0.8904
(152, 143): 0.8910
(152, 144): 0.8917
(152, 145): 0.8923
(152, 146): 0.8932
(153, 97): 0.8276
(153, 98): 0.8248
(153, 99): 0.8220
(153, 100): 0.8191
(153, 101): 0.8163
(153, 102): 0.8134
(153, 103): 0.8106
(153, 104): 0.8077
(153, 105): 0.8048
(153, 106): 0.8019
(153, 107): 0.7990
(153, 108): 0.7960
(153, 109): 0.7929
(153, 110): 0.7899
(153, 111): 0.7869
(153, 112): 0.7835
(153, 113): 0.7800
(153, 114): 0.7754
(153, 115): 0.7586
(153, 116): 0.7461
(153, 117): 0.7378
(153, 118): 0.7374
(153, 119): 0.7370
(153, 120): 0.7376
(153, 121): 0.7385
(153, 122): 0.7394
(153, 123): 0.7403
(153, 124): 0.7412
(153, 125): 0.7421
(153, 126): 0.7430
(153, 127): 0.7439
(153, 128): 0.7448
(153, 129): 0.7457
(153, 130): 0.7466
(153, 131): 0.7475
(153, 132): 0.7484
(153, 133): 0.7492
(153, 134): 0.7498
(153, 135): 0.8860
(153, 136): 0.8882
(153, 137): 0.8887
(153, 138): 0.8892
(153, 139): 0.8897
(153, 140): 0.8903
(153, 141): 0.8908
(153, 142): 0.8913
(153, 143): 0.8920
(153, 144): 0.8926
(153, 145): 0.8932
(154, 98): 0.8270
(154, 99): 0.8241
(154, 100): 0.8213
(154, 101): 0.8185
(154, 102): 0.8156
(154, 103): 0.8128
(154, 104): 0.8099
(154, 105): 0.8071
(154, 106): 0.8042
(154, 107): 0.8013
(154, 108): 0.7983
(154, 109): 0.7953
(154, 110): 0.7922
(154, 111): 0.7892
(154, 112): 0.7862
(154, 113): 0.7831
(154, 114): 0.7796
(154, 115): 0.7751
(154, 116): 0.7582
(154, 117): 0.7435
(154, 118): 0.7379
(154, 119): 0.7375
(154, 120): 0.7384
(154, 121): 0.7393
(154, 122): 0.7402
(154, 123): 0.7411
(154, 124): 0.7420
(154, 125): 0.7429
(154, 126): 0.7438
(154, 127): 0.7447
(154, 128): 0.7456
(154, 129): 0.7465
(154, 130): 0.7474
(154, 131): 0.7483
(154, 132): 0.7492
(154, 133): 0.7501
(154, 134): 0.8876
(154, 135): 0.8886
(154, 136): 0.8891
(154, 137): 0.8896
(154, 138): 0.8902
(154, 139): 0.8907
(154, 140): 0.8912
(154, 141): 0.8917
(154, 142): 0.8922
(154, 143): 0.8929
(154, 144): 0.8935
(154, 145): 0.8944
(155, 98): 0.8292
(155, 99): 0.8263
(155, 100): 0.8235
(155, 101): 0.8206
(155, 102): 0.8178
(155, 103): 0.8150
(155, 104): 0.8121
(155, 105): 0.8093
(155, 106): 0.8064
(155, 107): 0.8035
(155, 108): 0.8007
(155, 109): 0.7976
(155, 110): 0.7946
(155, 111): 0.7916
(155, 112): 0.7885
(155, 113): 0.7855
(155, 114): 0.7824
(155, 115): 0.7791
(155, 116): 0.7747
(155, 117): 0.7578
(155, 118): 0.7410
(155, 119): 0.7383
(155, 120): 0.7392
(155, 121): 0.7401
(155, 122): 0.7410
(155, 123): 0.7419
(155, 124): 0.7428
(155, 125): 0.7437
(155, 126): 0.7446
(155, 127): 0.7462
(155, 128): 0.7481
(155, 129): 0.7499
(155, 130): 0.7517
(155, 131): 0.7536
(155, 132): 0.8861
(155, 133): 0.8885
(155, 134): 0.8890
(155, 135): 0.8895
(155, 136): 0.8900
(155, 137): 0.8906
(155, 138): 0.8911
(155, 139): 0.8916
(155, 140): 0.8921
(155, 141): 0.8926
(155, 142): 0.8932
(155, 143): 0.8938
(155, 144): 0.8944
(155, 145): 0.8967
(156, 99): 0.8285
(156, 100): 0.8257
(156, 101): 0.8228
(156, 102): 0.8200
(156, 103): 0.8171
(156, 104): 0.8143
(156, 105): 0.8115
(156, 106): 0.8086
(156, 107): 0.8058
(156, 108): 0.8029
(156, 109): 0.8000
(156, 110): 0.7969
(156, 111): 0.7939
(156, 112): 0.7909
(156, 113): 0.7878
(156, 114): 0.7848
(156, 115): 0.7818
(156, 116): 0.7787
(156, 117): 0.7743
(156, 118): 0.7574
(156, 119): 0.7465
(156, 120): 0.7484
(156, 121): 0.7502
(156, 122): 0.7520
(156, 123): 0.7539
(156, 124): 0.7557
(156, 125): 0.7576
(156, 126): 0.7594
(156, 127): 0.7612
(156, 128): 0.8783
(156, 129): 0.8814
(156, 130): 0.8846
(156, 131): 0.8877
(156, 132): 0.8889
(156, 133): 0.8894
(156, 134): 0.8899
(156, 135): 0.8904
(156, 136): 0.8910
(156, 137): 0.8915
(156, 138): 0.8920
(156, 139): 0.8925
(156, 140): 0.8931
(156, 141): 0.8936
(156, 142): 0.8941
(156, 143): 0.8947
(156, 144): 0.8966
(157, 100): 0.8278
(157, 101): 0.8250
(157, 102): 0.8222
(157, 103): 0.8193
(157, 104): 0.8165
(157, 105): 0.8136
(157, 106): 0.8108
(157, 107): 0.8080
(157, 108): 0.8051
(157, 109): 0.8023
(157, 110): 0.7993
(157, 111): 0.7963
(157, 112): 0.7932
(157, 113): 0.7902
(157, 114): 0.7872
(157, 115): 0.7841
(157, 116): 0.7811
(157, 117): 0.7780
(157, 118): 0.7739
(157, 119): 0.7615
(157, 120): 0.7634
(157, 121): 0.7652
(157, 122): 0.7671
(157, 123): 0.8750
(157, 124): 0.8756
(157, 125): 0.8748
(157, 126): 0.8767
(157, 127): 0.8799
(157, 128): 0.8830
(157, 129): 0.8862
(157, 130): 0.8888
(157, 131): 0.8893
(157, 132): 0.8898
(157, 133): 0.8903
(157, 134): 0.8909
(157, 135): 0.8914
(157, 136): 0.8919
(157, 137): 0.8924
(157, 138): 0.8929
(157, 139): 0.8935
(157, 140): 0.8940
(157, 141): 0.8945
(157, 142): 0.8950
(157, 143): 0.8969
(158, 100): 0.8300
(158, 101): 0.8272
(158, 102): 0.8243
(158, 103): 0.8215
(158, 104): 0.8187
(158, 105): 0.8158
(158, 106): 0.8130
(158, 107): 0.8101
(158, 108): 0.8073
(158, 109): 0.8045
(158, 110): 0.8118
(158, 111): 0.8868
(158, 112): 0.8736
(158, 113): 0.8740
(158, 114): 0.8743
(158, 115): 0.8747
(158, 116): 0.8751
(158, 117): 0.8755
(158, 118): 0.8759
(158, 119): 0.8808
(158, 120): 0.8799
(158, 121): 0.8790
(158, 122): 0.8780
(158, 123): 0.8771
(158, 124): 0.8762
(158, 125): 0.8783
(158, 126): 0.8815
(158, 127): 0.8846
(158, 128): 0.8878
(158, 129): 0.8892
(158, 130): 0.8897
(158, 131): 0.8902
(158, 132): 0.8907
(158, 133): 0.8913
(158, 134): 0.8918
(158, 135): 0.8923
(158, 136): 0.8928
(158, 137): 0.8933
(158, 138): 0.8939
(158, 139): 0.8944
(158, 140): 0.8949
(158, 141): 0.8954
(158, 142): 0.8982
(159, 101): 0.8294
(159, 102): 0.8265
(159, 103): 0.8237
(159, 104): 0.8208
(159, 105): 0.8180
(159, 106): 0.8152
(159, 107): 0.8123
(159, 108): 0.8095
(159, 109): 0.8163
(159, 110): 0.8871
(159, 111): 0.8860
(159, 112): 0.8853
(159, 113): 0.8855
(159, 114): 0.8858
(159, 115): 0.8860
(159, 116): 0.8863
(159, 117): 0.8865
(159, 118): 0.8864
(159, 119): 0.8855
(159, 120): 0.8846
(159, 121): 0.8837
(159, 122): 0.8827
(159, 123): 0.8818
(159, 124): 0.8809
(159, 125): 0.8831
(159, 126): 0.8862
(159, 127): 0.8891
(159, 128): 0.8896
(159, 129): 0.8901
(159, 130): 0.8906
(159, 131): 0.8912
(159, 132): 0.8917
(159, 133): 0.8922
(159, 134): 0.8927
(159, 135): 0.8932
(159, 136): 0.8937
(159, 137): 0.8943
(159, 138): 0.8948
(159, 139): 0.8953
(159, 140): 0.8962
(160, 102): 0.8287
(160, 103): 0.8259
(160, 104): 0.8230
(160, 105): 0.8202
(160, 106): 0.8173
(160, 107): 0.8145
(160, 108): 0.8208
(160, 109): 0.8875
(160, 110): 0.8863
(160, 111): 0.8856
(160, 112): 0.8858
(160, 113): 0.8861
(160, 114): 0.8863
(160, 115): 0.8866
(160, 116): 0.8868
(160, 117): 0.8871
(160, 118): 0.8873
(160, 119): 0.8876
(160, 120): 0.8878
(160, 121): 0.8881
(160, 122): 0.8874
(160, 123): 0.8865
(160, 124): 0.8856
(160, 125): 0.8878
(160, 126): 0.8895
(160, 127): 0.8900
(160, 128): 0.8905
(160, 129): 0.8910
(160, 130): 0.8916
(160, 131): 0.8921
(160, 132): 0.8926
(160, 133): 0.8931
(160, 134): 0.8936
(160, 135): 0.8941
(160, 136): 0.8946
(160, 137): 0.8952
(160, 138): 0.8957
(160, 139): 0.8981
(161, 102): 0.8309
(161, 103): 0.8280
(161, 104): 0.8252
(161, 105): 0.8224
(161, 106): 0.8195
(161, 107): 0.8254
(161, 108): 0.8878
(161, 109): 0.8867
(161, 110): 0.8859
(161, 111): 0.8861
(161, 112): 0.8864
(161, 113): 0.8866
(161, 114): 0.8869
(161, 115): 0.8871
(161, 116): 0.8874
(161, 117): 0.8876
(161, 118): 0.8879
(161, 119): 0.8881
(161, 120): 0.8884
(161, 121): 0.8886
(161, 122): 0.8889
(161, 123): 0.8891
(161, 124): 0.8894
(161, 125): 0.8899
(161, 126): 0.8904
(161, 127): 0.8909
(161, 128): 0.8914
(161, 129): 0.8919
(161, 130): 0.8924
(161, 131): 0.8930
(161, 132): 0.8935
(161, 133): 0.8940
(161, 134): 0.8945
(161, 135): 0.8950
(161, 136): 0.8955
(161, 137): 0.8961
(162, 103): 0.8302
(162, 104): 0.8274
(162, 105): 0.8245
(162, 106): 0.8893
(162, 107): 0.8882
(162, 108): 0.8870
(162, 109): 0.8862
(162, 110): 0.8864
(162, 111): 0.8867
(162, 112): 0.8869
(162, 113): 0.8872
(162, 114): 0.8874
(162, 115): 0.8877
(162, 116): 0.8879
(162, 117): 0.8882
(162, 118): 0.8884
(162, 119): 0.8887
(162, 120): 0.8889
(162, 121): 0.8892
(162, 122): 0.8894
(162, 123): 0.8899
(162, 124): 0.8903
(162, 125): 0.8908
(162, 126): 0.8913
(162, 127): 0.8918
(162, 128): 0.8923
(162, 129): 0.8928
(162, 130): 0.8933
(162, 131): 0.8939
(162, 132): 0.8944
(162, 133): 0.8949
(162, 134): 0.8954
(162, 135): 0.8959
(163, 102): 0.8932
(163, 103): 0.8920
(163, 104): 0.8296
(163, 105): 0.8897
(163, 106): 0.8885
(163, 107): 0.8874
(163, 108): 0.8864
(163, 109): 0.8867
(163, 110): 0.8869
(163, 111): 0.8872
(163, 112): 0.8874
(163, 113): 0.8877
(163, 114): 0.8880
(163, 115): 0.8882
(163, 116): 0.8885
(163, 117): 0.8887
(163, 118): 0.8890
(163, 119): 0.8892
(163, 120): 0.8895
(163, 121): 0.8899
(163, 122): 0.8903
(163, 123): 0.8908
(163, 124): 0.8913
(163, 125): 0.8918
(163, 126): 0.8923
(163, 127): 0.8928
(163, 128): 0.8933
(163, 129): 0.8937
(163, 130): 0.8942
(163, 131): 0.8948
(163, 132): 0.8953
(163, 133): 0.8958
(163, 134): 0.8963
(164, 102): 0.8924
(164, 103): 0.8912
(164, 104): 0.8900
(164, 105): 0.8889
(164, 106): 0.8877
(164, 107): 0.8867
(164, 108): 0.8870
(164, 109): 0.8872
(164, 110): 0.8875
(164, 111): 0.8877
(164, 112): 0.8880
(164, 113): 0.8882
(164, 114): 0.8885
(164, 115): 0.8887
(164, 116): 0.8890
(164, 117): 0.8892
(164, 118): 0.8895
(164, 119): 0.8899
(164, 120): 0.8903
(164, 121): 0.8908
(164, 122): 0.8913
(164, 123): 0.8918
(164, 124): 0.8923
(164, 125): 0.8928
(164, 126): 0.8933
(164, 127): 0.8937
(164, 128): 0.8942
(164, 129): 0.8947
(164, 130): 0.8952
(164, 131): 0.8957
(164, 132): 0.8962
(165, 101): 0.8927
(165, 102): 0.8916
(165, 103): 0.8904
(165, 104): 0.8892
(165, 105): 0.8881
(165, 106): 0.8870
(165, 107): 0.8873
(165, 108): 0.8875
(165, 109): 0.8878
(165, 110): 0.8880
(165, 111): 0.8883
(165, 112): 0.8885
(165, 113): 0.8888
(165, 114): 0.8890
(165, 115): 0.8893
(165, 116): 0.8895
(165, 117): 0.8899
(165, 118): 0.8903
(165, 119): 0.8908
(165, 120): 0.8913
(165, 121): 0.8918
(165, 122): 0.8923
(165, 123): 0.8928
(165, 124): 0.8933
(165, 125): 0.8937
(165, 126): 0.8942
(165, 127): 0.8947
(165, 128): 0.8952
(165, 129): 0.8957
(165, 130): 0.8962
(166, 101): 0.8919
(166, 102): 0.8908
(166, 103): 0.8896
(166, 104): 0.8884
(166, 105): 0.8873
(166, 106): 0.8876
(166, 107): 0.8878
(166, 108): 0.8881
(166, 109): 0.8883
(166, 110): 0.8886
(166, 111): 0.8888
(166, 112): 0.8891
(166, 113): 0.8893
(166, 114): 0.8896
(166, 115): 0.8899
(166, 116): 0.8903
(166, 117): 0.8908
(166, 118): 0.8913
(166, 119): 0.8918
(166, 120): 0.8923
(166, 121): 0.8928
(166, 122): 0.8932
(166, 123): 0.8937
(166, 124): 0.8942
(166, 125): 0.8947
(166, 126): 0.8952
(166, 127): 0.8957
(167, 100): 0.8923
(167, 101): 0.8911
(167, 102): 0.8899
(167, 103): 0.8888
(167, 104): 0.8876
(167, 105): 0.8879
(167, 106): 0.8881
(167, 107): 0.8884
(167, 108): 0.8886
(167, 109): 0.8889
(167, 110): 0.8891
(167, 111): 0.8894
(167, 112): 0.8896
(167, 113): 0.8899
(167, 114): 0.8903
(167, 115): 0.8908
(167, 116): 0.8913
(167, 117): 0.8918
(167, 118): 0.8923
(167, 119): 0.8928
(167, 120): 0.8932
(167, 121): 0.8937
(167, 122): 0.8942
(167, 123): 0.8947
(167, 124): 0.8952
(168, 99): 0.8926
(168, 100): 0.8915
(168, 101): 0.8903
(168, 102): 0.8891
(168, 103): 0.8880
(168, 104): 0.8882
(168, 105): 0.8884
(168, 106): 0.8887
(168, 107): 0.8889
(168, 108): 0.8892
(168, 109): 0.8894
(168, 110): 0.8897
(168, 111): 0.8899
(168, 112): 0.8903
(168, 113): 0.8908
(168, 114): 0.8913
(168, 115): 0.8918
(168, 116): 0.8923
(168, 117): 0.8928
(168, 118): 0.8932
(168, 119): 0.8937
(168, 120): 0.8942
(168, 121): 0.8947
(169, 99): 0.8918
(169, 100): 0.8907
(169, 101): 0.8895
(169, 102): 0.8883
(169, 103): 0.8885
(169, 104): 0.8887
(169, 105): 0.8890
(169, 106): 0.8892
(169, 107): 0.8895
(169, 108): 0.8897
(169, 109): 0.8900
(169, 110): 0.8903
(169, 111): 0.8908
(169, 112): 0.8913
(169, 113): 0.8918
(169, 114): 0.8923
(169, 115): 0.8928
(169, 116): 0.8932
(169, 117): 0.8937
(169, 118): 0.8942
(170, 98): 0.8922
(170, 99): 0.8910
(170, 100): 0.8899
(170, 101): 0.8887
(170, 102): 0.8888
(170, 103): 0.8890
(170, 104): 0.8893
(170, 105): 0.8895
(170, 106): 0.8898
(170, 107): 0.8900
(170, 108): 0.8903
(170, 109): 0.8908
(170, 110): 0.8913
(170, 111): 0.8918
(170, 112): 0.8923
(170, 113): 0.8928
(170, 114): 0.8932
(170, 115): 0.8937
(170, 116): 0.8942
(171, 98): 0.8914
(171, 99): 0.8902
(171, 100): 0.8890
(171, 101): 0.8891
(171, 102): 0.8893
(171, 103): 0.8896
(171, 104): 0.8898
(171, 105): 0.8901
(171, 106): 0.8903
(171, 107): 0.8908
(171, 108): 0.8913
(171, 109): 0.8918
(171, 110): 0.8923
(171, 111): 0.8928
(171, 112): 0.8932
(171, 113): 0.8937
(172, 97): 0.8917
(172, 98): 0.8906
(172, 99): 0.8894
(172, 100): 0.8894
(172, 101): 0.8896
(172, 102): 0.8899
(172, 103): 0.8901
(172, 104): 0.8904
(172, 105): 0.8908
(172, 106): 0.8913
(172, 107): 0.8918
(172, 108): 0.8923
(172, 109): 0.8927
(172, 110): 0.8932
(173, 97): 0.8909
(173, 98): 0.8898
(173, 99): 0.8897
(173, 100): 0.8899
(173, 101): 0.8902
(173, 102): 0.8904
(173, 103): 0.8908
(173, 104): 0.8913
(173, 105): 0.8918
(173, 106): 0.8923
(173, 107): 0.8927
(174, 96): 0.8913
(174, 97): 0.8901
(174, 98): 0.8900
(174, 99): 0.8902
(174, 100): 0.8905
(174, 101): 0.8908
(174, 102): 0.8913
(174, 103): 0.8918
(174, 104): 0.8923
(175, 96): 0.8905
(175, 97): 0.8903
(175, 98): 0.8905
(175, 99): 0.8908
(175, 100): 0.8913
(175, 101): 0.8918
(176, 95): 0.8908
(176, 96): 0.8906
(176, 97): 0.8908
(176, 98): 0.8913
(176, 99): 0.8918
(177, 94): 0.8912
(177, 95): 0.8909
(177, 96): 0.8913

