
(228, 99): 0.8525
(228, 100): 0.8528
(228, 101): 0.8531
(228, 102): 0.8534
(229, 98): 0.8523
(229, 99): 0.8526
(229, 100): 0.8529
(229, 101): 0.8532
(229, 102): 0.8535
(229, 103): 0.8538
(229, 104): 0.8541
(229, 105): 0.8544
(229, 106): 0.8547
(229, 107): 0.8550
(230, 97): 0.8521
(230, 98): 0.8524
(230, 99): 0.8527
(230, 100): 0.8530
(230, 101): 0.8533
(230, 102): 0.8536
(230, 103): 0.8539
(230, 104): 0.8542
(230, 105): 0.8545
(230, 106): 0.8548
(230, 107): 0.8551
(230, 108): 0.8554
(230, 109): 0.8557
(230, 110): 0.8560
(230, 111): 0.8563
(230, 112): 0.8566
(231, 97): 0.8521
(231, 98): 0.8524
(231, 99): 0.8527
(231, 100): 0.8530
(231, 101): 0.8534
(231, 102): 0.8537
(231, 103): 0.8540
(231, 104): 0.8543
(231, 105): 0.8546
(231, 106): 0.8549
(231, 107): 0.8552
(231, 108): 0.8555
(231, 109): 0.8558
(231, 110): 0.8561
(231, 111): 0.8564
(231, 112): 0.8567
(231, 113): 0.8570
(231, 114): 0.8573
(231, 115): 0.8576
(231, 116): 0.8579
(232, 96): 0.8519
(232, 97): 0.8522
(232, 98): 0.8525
(232, 99): 0.8528
(232, 100): 0.8531
(232, 101): 0.8534
(232, 102): 0.8537
(232, 103): 0.8540
(232, 104): 0.8543
(232, 105): 0.8546
(232, 106): 0.8549
(232, 107): 0.8552
(232, 108): 0.8555
(232, 109): 0.8559
(232, 110): 0.8562
(232, 111): 0.8565
(232, 112): 0.8568
(232, 113): 0.8571
(232, 114): 0.8574
(232, 115): 0.8577
(232, 116): 0.8580
(232, 117): 0.8583
(232, 118): 0.8586
(232, 119): 0.8589
(232, 120): 0.8592
(232, 121): 0.8595
(233, 95): 0.8517
(233, 96): 0.8520
(233, 97): 0.8523
(233, 98): 0.8526
(233, 99): 0.8529
(233, 100): 0.8532
(233, 101): 0.8535
(233, 102): 0.8538
(233, 103): 0.8541
(233, 104): 0.8544
(233, 105): 0.8547
(233, 106): 0.8550
(233, 107): 0.8553
(233, 108): 0.8556
(233, 109): 0.8559
(233, 110): 0.8562
(233, 111): 0.8565
(233, 112): 0.8568
(233, 113): 0.8571
(233, 114): 0.8574
(233, 115): 0.8577
(233, 116): 0.8581
(233, 117): 0.8584
(233, 118): 0.8587
(233, 119): 0.8590
(233, 120): 0.8593
(233, 121): 0.8596
(233, 122): 0.8599
(234, 94): 0.8514
(234, 95): 0.8517
(234, 96): 0.8520
(234, 97): 0.8523
(234, 98): 0.8527
(234, 99): 0.8530
(234, 100): 0.8533
(234, 101): 0.8536
(234, 102): 0.8539
(234, 103): 0.8542
(234, 104): 0.8545
(234, 105): 0.8548
(234, 106): 0.8551
(234, 107): 0.8554
(234, 108): 0.8557
(234, 109): 0.8560
(234, 110): 0.8563
(234, 111): 0.8566
(234, 112): 0.8569
(234, 113): 0.8572
(234, 114): 0.8575
(234, 115): 0.8578
(234, 116): 0.8581
(234, 117): 0.8584
(234, 118): 0.8587
(234, 119): 0.8590
(235, 93): 0.8512
(235, 94): 0.8515
(235, 95): 0.8518
(235, 96): 0.8521
(235, 97): 0.8524
(235, 98): 0.8527
(235, 99): 0.8530
(235, 100): 0.8533
(235, 101): 0.8536
(235, 102): 0.8539
(235, 103): 0.8542
(235, 104): 0.8545
(235, 105): 0.8549
(235, 106): 0.8552
(235, 107): 0.8555
(235, 108): 0.8558
(235, 109): 0.8561
(235, 110): 0.8564
(235, 111): 0.8567
(235, 112): 0.8570
(235, 113): 0.8573
(235, 114): 0.8576
(235, 115): 0.8579
(235, 116): 0.8582
(236, 92): 0.8510
(236, 93): 0.8513
(236, 94): 0.8516
(236, 95): 0.8519
(236, 96): 0.8522
(236, 97): 0.8525
(236, 98): 0.8528
(236, 99): 0.8531
(236, 100): 0.8534
(236, 101): 0.8537
(236, 102): 0.8540
(236, 103): 0.8543
(236, 104): 0.8546
(236, 105): 0.8549
(236, 106): 0.8552
(236, 107): 0.8555
(236, 108): 0.8558
(236, 109): 0.8561
(236, 110): 0.8564
(236, 111): 0.8567
(236, 112): 0.8570
(236, 113): 0.8574
(237, 92): 0.8510
(237, 93): 0.8513
(237, 94): 0.8517
(237, 95): 0.8520
(237, 96): 0.8523
(237, 97): 0.8526
(237, 98): 0.8529
(237, 99): 0.8532
(237, 100): 0.8535
(237, 101): 0.8538
(237, 102): 0.8541
(237, 103): 0.8544
(237, 104): 0.8547
(237, 105): 0.8550
(237, 106): 0.8553
(237, 107): 0.8556
(237, 108): 0.8559
(237, 109): 0.8562
(237, 110): 0.8565
(238, 91): 0.8508
(238, 92): 0.8511
(238, 93): 0.8514
(238, 94): 0.8517
(238, 95): 0.8520
(238, 96): 0.8523
(238, 97): 0.8526
(238, 98): 0.8529
(238, 99): 0.8532
(238, 100): 0.8535
(238, 101): 0.8538
(238, 102): 0.8542
(238, 103): 0.8545
(238, 104): 0.8548
(238, 105): 0.8551
(238, 106): 0.8554
(238, 107): 0.8557
(239, 90): 0.8506
(239, 91): 0.8509
(239, 92): 0.8512
(239, 93): 0.8515
(239, 94): 0.8518
(239, 95): 0.8521
(239, 96): 0.8524
(239, 97): 0.8527
(239, 98): 0.8530
(239, 99): 0.8533
(239, 100): 0.8536
(239, 101): 0.8539
(239, 102): 0.8542
(239, 103): 0.8545
(240, 89): 0.8503
(240, 90): 0.8507
(240, 91): 0.8510
(240, 92): 0.8513
(240, 93): 0.8516
(240, 94): 0.8519
(240, 95): 0.8522
(240, 96): 0.8525
(240, 97): 0.8528
(240, 98): 0.8531
(240, 99): 0.8534
(240, 100): 0.8537
(241, 88): 0.8501
(241, 89): 0.8504
(241, 90): 0.8507
(241, 91): 0.8510
(241, 92): 0.8513
(241, 93): 0.8516
(241, 94): 0.8519
(241, 95): 0.8522
(241, 96): 0.8525
(241, 97): 0.8528
(242, 87): 0.8499
(242, 88): 0.8502
(242, 89): 0.8505
(242, 90): 0.8508
(242, 91): 0.8511
(242, 92): 0.8514
(242, 93): 0.8517
(242, 94): 0.8520
(243, 86): 0.8496
(243, 87): 0.8500
(243, 88): 0.8503
(243, 89): 0.8506
(243, 90): 0.8509
(243, 91): 0.8512
(244, 86): 0.8497
(244, 87): 0.8500

